state_fips,county_fips,total_population,male_population,female_population,male_0_to_17,male_18_to_49,male_50_to_64,male_over_65,female_0_to_17,female_18_to_49,female_50_to_64,female_over_65,total_0_to_17,total_18_to_49,total_50_to_64,total_over_65,FIPS
17,051,21565,11469,10096,2295,4875,2992,1864,2159,3649,2633,2194,4454,8524,5625,4058,17051
17,107,29003,14298,14705,2877,6258,3652,2248,2730,6099,3735,2976,5607,12357,7387,5224,17107
17,165,23994,11807,12187,2759,4499,3216,2103,2437,4418,3341,2682,5196,8917,6557,4785,17165
17,097,701473,350466,351007,87662,147624,87727,43532,83884,139820,92049,52807,171546,287444,179776,96339,17097
17,127,14219,6714,7505,1495,2517,1757,1268,1709,2561,1974,1694,3204,5078,3731,2962,17127
17,017,12493,6236,6257,1597,2384,1683,972,1446,2382,1631,1184,3043,4766,3314,2156,17017
18,069,36359,17919,18440,3954,7420,4866,2661,3877,7117,5032,3467,7831,14537,9898,6128,18069
18,181,24149,12063,12086,2896,4455,3374,2176,2754,4132,3487,2535,5650,8587,6861,4711,18181
18,075,20840,10452,10388,2793,3923,2628,1591,2486,3805,2606,2024,5279,7728,5234,3615,18075
18,145,44438,21874,22564,5129,8539,6145,3326,5005,8495,6285,4074,10134,17034,12430,7400,18145
18,153,20730,11076,9654,2100,5125,2837,1600,1977,3661,2563,1977,4077,8786,5400,3577,18153
18,157,191553,97798,93755,20001,55056,16850,9273,19459,47961,18170,12049,39460,103017,35020,21322,18157
18,057,323117,157702,165415,45053,66563,35741,16990,43497,69656,38275,21372,88550,136219,74016,38362,18057
18,005,82481,41170,41311,9957,17890,9604,5798,9814,16453,9978,7436,19771,34343,19582,13234,18005
18,049,20096,9903,10193,2385,3731,2641,1671,2349,3590,2810,2128,4734,7321,5451,3799,18049
18,113,47506,23872,23634,6204,9421,6252,3263,5784,8994,6076,3970,11988,18415,12328,7233,18113
18,019,116507,56860,59647,13488,24413,14351,7636,12946,24381,15197,10313,26434,48794,29548,17949,18019
18,063,163799,81767,82032,21155,35413,19081,9549,20257,33516,20021,12279,41412,68929,39102,21828,18063
18,053,66452,31695,34757,6944,12630,8555,5401,6863,13833,8942,7005,13807,26463,17497,12406,18053
18,071,44025,21842,22183,5568,8960,5121,3102,5213,8567,5520,3876,10781,17527,10641,6978,18071
18,119,20835,10636,10199,2249,3774,3373,1921,2167,3522,3375,2029,4416,7296,6748,3950,18119
18,183,33730,16755,16975,4020,6418,4602,2615,3778,6141,4748,3328,7798,12559,9350,5943,18183
18,023,32273,16067,16206,4340,6274,3953,2294,4120,5982,4137,2920,8460,12256,8090,5214,18023
18,161,7113,3480,3633,762,1336,967,599,759,1332,1034,740,1521,2668,2001,1339,18161
18,029,49479,24658,24821,5801,9521,6929,3912,5465,9255,7145,4509,11266,18776,14074,8421,18029
18,093,45548,22485,23063,5181,8580,5961,4001,4808,8323,6445,5005,9989,16903,12406,9006,18093
18,123,19102,10191,8911,2096,4335,2803,1613,1987,3140,2581,1855,4083,7475,5384,3468,18123
18,129,25560,12744,12816,2933,4710,3688,2139,2787,4636,3710,2515,5720,9346,7398,4654,18129
18,015,20074,10085,9989,2357,3765,2777,1751,2125,3636,2681,2093,4482,7401,5458,3844,18015
18,045,16430,8254,8176,1959,3099,2279,1438,1676,2988,2293,1767,3635,6087,4572,3205,18045
18,149,22952,11422,11530,2733,4260,3185,1982,2674,4220,3231,2107,5407,8480,6416,4089,18149
18,055,32159,15971,16188,3537,6035,4464,2823,3531,5810,4385,3378,7068,11845,8849,6201,18055
19,011,25636,12788,12848,3065,4655,3699,2118,2987,4483,3468,2513,6052,9138,7167,4631,19011
19,061,96982,47818,49164,11298,19500,12345,7253,10905,18742,12588,9525,22203,38242,24933,16778,19061
19,151,6797,3318,3479,726,1075,1046,703,739,1033,1081,841,1465,2108,2127,1544,19151
19,177,7150,3665,3485,910,1196,1032,755,759,1115,989,827,1669,2311,2021,1582,19177
19,003,3670,1830,1840,397,615,565,393,370,589,519,443,767,1204,1084,836,19003
19,009,5571,2770,2801,619,872,893,594,527,872,807,760,1146,1744,1700,1354,19009
19,051,8920,4403,4517,1254,1604,1058,705,1367,1488,986,850,2621,3092,2044,1555,19051
19,093,6901,3442,3459,846,1167,952,681,773,1117,961,830,1619,2284,1913,1511,19093
19,135,7807,3886,3921,929,1432,1102,693,911,1356,1065,840,1840,2788,2167,1533,19135
19,167,34827,17485,17342,4870,7277,3780,2363,4562,6904,3648,2938,9432,14181,7428,5301,19167
19,025,9744,5057,4687,1090,1886,1431,995,973,1446,1368,1227,2063,3332,2799,2222,19025
19,033,42834,20905,21929,4524,7877,6085,3875,4289,7484,6449,5168,8813,15361,12534,9043,19033
19,083,17061,8522,8539,1916,3126,2332,1578,1666,2892,2459,2056,3582,6018,4791,3634,19083
19,117,8583,4317,4266,1056,1436,1181,855,932,1397,1262,981,1988,2833,2443,1836,19117
19,147,9003,4468,4535,1101,1624,1205,834,1029,1499,1149,1104,2130,3123,2354,1938,19147
19,087,19941,10133,9808,2167,4280,2602,1637,2193,3663,2605,2039,4360,7943,5207,3676,19087
19,099,36971,18879,18092,4189,7652,4830,3067,4086,6265,4890,3922,8275,13917,9720,6989,19099
19,157,18388,8839,9549,1786,3644,2364,1639,1810,3730,2449,2076,3596,7374,4813,3715,19157
19,043,17625,8946,8679,1952,2929,2843,1924,1806,2722,2619,2121,3758,5651,5462,4045,19043
19,017,24864,12313,12551,2905,4906,3046,2222,2633,4940,3078,2644,5538,9846,6124,4866,19017
19,063,9438,4728,4710,985,1806,1349,861,974,1631,1321,1076,1959,3437,2670,1937,19063
19,081,10802,5418,5384,1235,1893,1540,1090,1153,1769,1555,1268,2388,3662,3095,2358,19081
19,097,19401,9713,9688,2176,3468,2882,1802,2136,3209,2727,2155,4312,6677,5609,3957,19097
19,111,34227,17263,16964,3833,6518,4988,3030,3615,5835,4854,3775,7448,12353,9842,6805,19111
19,181,50076,24497,25579,6365,9973,5906,3425,6058,10148,6364,4356,12423,20121,12270,7781,19181
19,123,22164,11148,11016,2825,4288,2869,1799,2491,4097,2826,2206,5316,8385,5695,4005,19123
19,041,16211,7998,8213,1857,2968,2256,1476,1804,2817,2293,1853,3661,5785,4549,3329,19041
19,055,17183,8626,8557,2114,2939,2616,1530,2006,2795,2500,1746,4120,5734,5116,3276,19055
13,005,11201,5473,5728,1449,2300,1323,724,1423,2231,1367,997,2872,4531,2690,1721,13005
13,025,18756,9198,9558,2272,3567,2583,1369,2186,3700,2528,1639,4458,7267,5111,3008,13025
13,017,17033,8139,8894,2200,3056,2163,1156,2074,3318,2449,1694,4274,6374,4612,2850,13017
13,033,22520,10715,11805,2965,4131,2725,1456,2913,4475,3192,1928,5878,8606,5917,3384,13033
13,047,66700,32000,34700,7896,13060,7950,4956,7482,13654,9241,6529,15378,26714,17191,11485,13047
13,053,10560,6875,3685,1118,5264,436,110,1127,1882,534,228,2245,7146,970,338,13053
13,055,24812,12858,11954,2850,5731,3009,1893,2735,4331,3246,2402,5585,10062,6255,4295,13055
13,073,150705,73770,76935,19507,32037,16814,8936,18910,32437,18406,10948,38417,64474,35220,19884,13073
13,087,26682,12823,13859,3245,5285,3069,1796,3279,5385,3398,2471,6524,10670,6467,4267,13087
13,115,97369,47109,50260,11646,19683,11082,6983,11034,20450,12426,9077,22680,40133,23508,16060,13115
13,117,228383,113527,114856,32680,47753,25542,11982,30929,48397,25781,14687,63609,96150,51323,26669,13117
13,137,44626,21134,23492,5082,8366,5224,3767,4936,9656,5881,4478,10018,18022,11105,8245,13137
13,147,25773,12664,13109,2698,4804,3436,2512,2631,4576,3818,3116,5329,9380,7254,5628,13147
13,185,115364,56144,59220,14087,27878,10414,5821,13595,28181,12015,7882,27682,56059,22429,13703,13185
13,191,14174,7128,7046,1409,2356,2093,1738,970,2498,2378,1901,2379,4854,4471,3639,13191
13,199,21106,10234,10872,2390,3781,2838,1803,2184,3937,3234,2388,4574,7718,6072,4191,13199
13,207,27171,13586,13585,2973,5386,3856,2235,2652,5127,3930,2673,5625,10513,7786,4908,13207
13,237,21691,10510,11181,2223,3575,3120,2471,2203,3827,3480,2630,4426,7402,6600,5101,13237
13,261,30064,14197,15867,3535,6015,3183,2109,3386,6586,3969,2905,6921,12601,7152,5014,13261
13,265,1611,793,818,100,375,206,171,141,278,250,235,241,653,456,406,13265
13,301,5297,2469,2828,511,919,783,484,591,920,833,659,1102,1839,1616,1143,13301
19,185,6429,3168,3261,805,1048,858,618,813,1015,804,777,1618,2063,1662,1395,19185
19,163,172446,84605,87841,20816,34993,20967,12102,20331,35015,22360,15090,41147,70008,43327,27192,19163
20,181,5938,3086,2852,819,1227,697,503,584,1114,743,611,1403,2341,1440,1114,20181
20,193,7810,3773,4037,923,1586,879,561,850,1700,983,715,1773,3286,1862,1276,20193
20,127,5566,2773,2793,598,919,856,633,604,799,854,722,1202,1718,1710,1355,20127
20,163,5053,2428,2625,514,881,704,493,603,813,716,625,1117,1694,1420,1118,20163
20,025,2026,1050,976,290,288,291,236,211,302,280,242,501,590,571,478,20025
20,077,5594,2846,2748,760,1001,698,537,619,847,743,708,1379,1848,1441,1245,20077
20,111,33251,16107,17144,3760,7340,3698,2168,3687,7695,3782,2742,7447,15035,7480,4910,20111
20,145,6629,3670,2959,586,1599,1099,601,638,933,871,743,1224,2532,1970,1344,20145
20,033,1740,926,814,243,277,275,232,143,230,251,222,386,507,526,454,20033
20,063,2644,1330,1314,313,387,385,319,255,402,365,383,568,789,750,702,20063
20,079,34503,17159,17344,4406,6609,4145,2927,4057,6255,4120,3688,8463,12864,8265,6615,20079
20,093,3907,1860,2047,508,750,459,231,615,759,416,341,1123,1509,875,572,20093
20,113,28567,14070,14497,3228,5409,3782,2428,3287,5168,3725,3145,6515,10577,7507,5573,20113
05,041,11709,5562,6147,1551,1920,1516,954,1449,2181,1603,1233,3000,4101,3119,2187,5041
05,049,12231,6106,6125,1315,1975,1763,1477,1211,1890,1796,1645,2526,3865,3559,3122,5049
05,061,13311,6388,6923,1758,2255,1657,1044,1699,2596,1619,1302,3457,4851,3276,2346,5061
05,051,98555,47295,51260,10067,17166,13106,10269,9902,17923,14652,12731,19969,35089,27758,23000,5051
05,093,42126,20436,21690,5607,8220,5035,2661,5487,8521,5345,3427,11094,16741,10380,6088,5093
05,115,63761,31330,32431,7273,13718,7669,4297,7327,13757,7581,5435,14600,27475,15250,9732,5115
05,117,8189,4095,4094,916,1419,1130,895,728,1397,1209,1020,1644,2816,2339,1915,5117
05,139,39449,19101,20348,4800,7286,5020,3006,4727,7626,5284,3798,9527,14912,10304,6804,5139
05,147,6533,3006,3527,588,1098,877,640,817,1124,1031,841,1405,2222,1908,1481,5147
05,023,25100,12434,12666,2473,4142,3610,3133,2328,3903,3837,3586,4801,8045,7447,6719,5023
05,025,8128,4007,4121,917,1454,1099,772,891,1488,1151,892,1808,2942,2250,1664,5025
05,067,17027,8427,8600,1745,3704,2083,1305,1695,3455,2284,1681,3440,7159,4367,2986,5067
05,057,21842,10323,11519,2765,3781,2673,1704,2847,4195,2991,2201,5612,7976,5664,3905,5057
05,135,17139,8397,8742,1838,2754,2291,2090,1783,2707,2554,2345,3621,5461,4845,4435,5135
05,137,12475,6190,6285,1258,2009,1800,1544,1177,1785,1929,1791,2435,3794,3729,3335,5137
05,143,232289,115916,116373,29117,57828,21852,11649,27909,55425,22640,14812,57026,113253,44492,26461,5143
05,005,41427,20099,21328,3784,6200,5790,5989,3483,6203,6839,6790,7267,12403,12629,12779,5005
05,003,20270,9825,10445,2396,3578,2696,1831,2260,3841,2752,2205,4656,7419,5448,4036,5003
05,031,107345,52386,54959,14005,23851,10743,6108,12751,24263,12109,8402,26756,48114,22852,14510,5031
05,055,44937,22083,22854,5546,9378,5241,3100,5475,9079,5649,3976,11021,18457,10890,7076,5055
05,105,10355,5172,5183,1205,1882,1415,961,1120,1849,1410,1101,2325,3731,2825,2062,5105
05,111,23896,11644,12252,2943,4538,3011,1804,2750,4656,3212,2452,5693,9194,6223,4256,5111
05,133,17081,8584,8497,2489,3512,1994,1083,2402,3405,1821,1289,4891,6917,3815,2372,5133
05,013,5192,2609,2583,456,1009,763,501,512,894,741,601,968,1903,1504,1102,5013
05,019,22386,10506,11880,2051,5084,2233,1577,2204,5575,2709,2057,4255,10659,4942,3634,5019
05,075,16549,8211,8338,1991,3150,2046,1433,1738,3136,2151,1766,3729,6286,4197,3199,5075
05,095,7050,3308,3742,725,1116,1023,704,752,1225,1119,905,1477,2341,2142,1609,5095
05,029,20858,10154,10704,2400,3750,2789,1793,2420,3834,2956,2146,4820,7584,5745,3939,5029
05,101,7812,3868,3944,803,1189,1215,946,742,1276,1226,1045,1545,2465,2441,1991,5101
05,001,17914,8565,9349,2010,3198,2425,1517,2093,3418,2525,1888,4103,6616,4950,3405,5001
05,085,72528,35687,36841,9629,15352,8029,4230,9142,15494,8541,5319,18771,30846,16570,9549,5085
05,015,27965,13908,14057,3108,4769,4201,2995,2977,4697,4048,3312,6085,9466,8249,6307,5015
05,123,25900,14094,11806,3073,6578,3236,1900,2891,4220,3122,2273,5964,10798,6358,4173,5123
05,119,392967,187895,205072,46722,81012,44580,25059,44940,86136,51400,33900,91662,167148,95980,58959,5119
06,047,271382,136987,134395,41228,61046,25948,13682,39231,57728,25851,16274,80459,118774,51799,29956,6047
06,043,17420,8872,8548,1446,2862,3154,2402,1394,2636,2818,2388,2840,5498,5972,4790,6043
06,049,8907,4626,4281,940,1468,1454,1236,812,1345,1355,1165,1752,2813,2809,2401,6049
06,013,1142251,558502,583749,133397,235342,139325,77341,127806,237811,151339,98541,261203,473153,290664,175882,6013
06,027,17977,9062,8915,1885,3122,2782,1947,1724,3016,2763,2150,3609,6138,5545,4097,6027
06,099,543194,268871,274323,75235,117171,56703,30740,72388,114830,60094,38939,147623,232001,116797,69679,6099
06,083,444829,222659,222170,50436,105499,46220,29920,48748,98687,48768,36643,99184,204186,94988,66563,6083
06,103,63912,31773,32139,7739,11902,8119,5788,7519,11291,9111,6519,15258,23193,17230,12307,6103
06,051,14310,7634,6676,1541,3342,2218,1080,1130,2935,2013,969,2671,6277,4231,2049,6051
06,069,60376,30151,30225,7841,13029,7013,3517,7837,12586,7139,4012,15678,25615,14152,7529,6069
13,029,37063,18476,18587,5718,8030,3679,1806,5154,8332,3726,2086,10872,16362,7405,3892,13029
13,035,24090,12846,11244,2470,6399,3040,1552,2467,4283,3110,2155,4937,10682,6150,3707,13035
13,039,53231,27495,25736,6612,13273,5717,3169,6205,10946,6176,3593,12817,24219,11893,6762,13039
13,079,12325,6484,5841,1554,2433,1884,1012,1072,2096,1918,1207,2626,4529,3802,2219,13079
13,099,10312,4793,5519,1291,1733,1247,808,1306,2029,1425,1149,2597,3762,2672,1957,13099
13,069,43021,22155,20866,5457,10207,4942,2531,5102,8613,5010,3342,10559,18820,9952,5873,13069
13,077,143260,69744,73516,17932,28938,17396,8706,17608,30525,18298,10641,35540,59463,35694,19347,13077
13,123,30414,15178,15236,2935,5270,4832,3545,3007,4944,4841,3790,5942,10214,9673,7335,13123
13,297,91442,44379,47063,11569,17808,11032,6141,11306,18920,11475,7719,22875,36728,22507,13860,13297
13,317,9844,4771,5073,1189,1586,1287,962,917,1733,1475,1288,2106,3319,2762,2250,13317
13,091,20829,10958,9871,2209,4927,2841,1592,1897,3800,2815,2050,4106,8727,5656,3642,13091
13,129,57202,28313,28889,7350,11753,7069,3584,6744,11801,7053,4663,14094,23554,14122,8247,13129
13,057,247515,121808,125707,31593,51207,29940,14841,29974,52266,31356,18418,61567,103473,61296,33259,13057
13,113,112303,54446,57857,13423,19611,15435,9059,12790,20782,17213,10825,26213,40393,32648,19884,13113
13,177,29502,14736,14766,4000,6352,3465,1755,3816,6236,3558,1936,7816,12588,7023,3691,13177
13,227,31387,15557,15830,3335,5632,4485,3145,3035,5568,5103,3563,6370,11200,9588,6708,13227
13,133,17349,8535,8814,1806,2596,2484,2387,1490,2737,2833,2548,3296,5333,5317,4935,13133
13,075,17177,8224,8953,2218,3264,2046,1198,2178,3574,2169,1531,4396,6838,4215,2729,13075
13,085,24536,12224,12312,2587,4723,3566,2275,2395,4569,3643,2638,4982,9292,7209,4913,13085
13,121,1036200,501571,534629,116492,246634,108243,49492,113528,256460,119280,68735,230020,503094,227523,118227,13121
15,001,199459,99002,100457,22189,36350,29028,19563,21052,36769,29499,20709,43241,73119,58527,40272,15001
15,003,984821,496066,488755,107513,226023,111843,75223,101710,202448,117052,95146,209223,428471,228895,170369,15003
15,007,71769,35529,36240,8106,13662,9874,6372,7649,13417,10451,7487,15755,27079,20325,13859,15007
15,005,66,30,36,1,8,21,0,0,12,14,11,1,20,35,11,15005
16,031,23690,12047,11643,3921,4704,2433,1501,3684,4318,2506,1759,7605,9022,4939,3260,16031
16,063,5350,2805,2545,861,1115,650,351,723,1049,518,344,1584,2164,1168,695,16063
16,085,10709,5411,5298,1018,1728,1760,1378,801,1629,1913,1571,1819,3357,3673,2949,16085
16,041,13464,6915,6549,2330,2555,1400,919,2047,2458,1392,940,4377,5013,2792,1859,16041
16,069,40217,19834,20383,4297,8005,5094,3594,4243,7776,5408,4286,8540,15781,10502,7880,16069
16,055,157322,77730,79592,18671,30384,19727,13589,17515,30188,21744,15493,36186,60572,41471,29082,16055
16,067,20705,10345,10360,2978,3976,2358,1559,2931,3861,2310,1716,5909,7837,4668,3275,16067
16,083,84869,41795,43074,11881,17034,8899,5817,11661,17178,9289,6971,23542,34212,18188,12788,16083
16,013,22373,11521,10852,2730,4302,3195,1978,2233,3914,3390,1999,4963,8216,6585,3977,16013
16,015,7378,3779,3599,681,989,1470,994,579,1009,1519,841,1260,1998,2989,1835,16015
16,023,2581,1359,1222,323,455,411,278,272,382,404,258,595,837,815,536,16023
16,047,15148,7773,7375,2115,2915,1874,1253,2049,2616,1838,1275,4164,5531,3712,2528,16047
16,001,456849,228886,227963,56119,102438,52446,29139,53678,97135,54392,34595,109797,199573,106838,63734,16001
16,007,6000,2958,3042,779,1051,756,593,805,1038,798,642,1584,2089,1554,1235,16007
16,011,45839,22914,22925,7184,8760,5197,2997,7031,8768,4936,3298,14215,17528,10133,6295,16011
16,025,1048,497,551,122,166,145,87,149,155,199,110,271,321,344,197,16025
16,035,8673,4831,3842,787,1756,1493,1204,608,1123,1302,1109,1395,2879,2795,2313,16035
16,051,28534,14526,14008,4897,5665,3000,1500,4740,5376,2750,1627,9637,11041,5750,3127,16051
41,039,373340,183845,189495,35727,81673,46070,32135,33706,79995,50752,38048,69433,161668,96822,70183,41039
51,181,6523,3154,3369,532,1069,1081,659,599,1088,1090,754,1131,2157,2171,1413,51181
51,043,14423,7321,7102,1659,2453,2296,1369,1321,2392,2268,1621,2980,4845,4564,2990,51043
51,117,30728,14889,15839,2931,5138,4572,3420,2881,4975,4902,4302,5812,10113,9474,7722,51117
51,015,75079,38267,36812,7358,15090,11112,7227,7012,13134,11260,8141,14370,28224,22372,15368,51015
51,075,22865,11347,11518,2112,4054,3632,2358,1948,3884,3940,2584,4060,7938,7572,4942,51075
51,113,13170,6403,6767,1322,2324,1877,1325,1390,2236,2098,1524,2712,4560,3975,2849,51113
51,161,93823,45121,48702,9832,17454,12002,8593,9144,17908,13707,11250,18976,35362,25709,19843,51161
51,025,16520,8843,7677,1404,4114,2284,1571,1353,2595,2599,1881,2757,6709,4883,3452,51025
51,131,11885,5718,6167,1257,1861,1681,1378,1107,1836,1944,1715,2364,3697,3625,3093,51131
51,163,22570,11227,11343,2059,3867,3644,2733,1937,3742,3454,3021,3996,7609,7098,5754,51163
51,720,3970,1852,2118,513,693,474,273,428,815,636,378,941,1508,1110,651,51720
51,570,17428,8060,9368,2005,3088,1972,1414,1972,3484,2269,2136,3977,6572,4241,3550,51570
51,021,6388,3564,2824,605,1557,868,716,429,967,957,722,1034,2524,1825,1438,51021
51,023,33343,16365,16978,3211,5685,5301,3434,3280,5716,5316,3868,6491,11401,10617,7302,51023
51,520,16912,7961,8951,1762,3082,2221,1379,1842,3254,2445,2077,3604,6336,4666,3456,51520
51,830,14927,6929,7998,947,4009,1262,1050,609,5068,1336,1292,1556,9077,2598,2342,51830
51,035,29801,15004,14797,3053,5283,4475,3282,2573,4995,4510,3809,5626,10278,8985,7091,51035
06,067,1524553,744997,779556,185153,334122,168121,90647,178023,335132,186895,118949,363176,669254,355016,209596,6067
06,017,188563,93922,94641,19456,33534,29308,18549,18466,32609,30790,20021,37922,66143,60098,38570,6017
06,053,433410,221001,212409,58174,100018,46330,26121,55695,89047,46625,31119,113869,189065,92955,57240,6053
06,075,874961,446286,428675,59997,242603,104159,60820,57549,222851,96175,74161,117546,465454,200334,134981,6075
06,073,3316073,1669515,1646558,369666,805067,363749,202085,353072,737232,384204,252004,722738,1542299,747953,454089,6073
06,107,461898,230966,230932,73212,99705,43096,23344,69946,96912,44778,28187,143158,196617,87874,51531,6107
06,023,135940,67576,68364,13199,30910,16551,10833,12938,29432,17726,12685,26137,60342,34277,23518,6023
06,003,1039,554,485,105,151,180,170,96,144,149,141,201,295,329,311,6003
06,039,155433,74972,80461,21727,30735,15562,10203,21126,34264,17558,11228,42853,64999,33120,21431,6039
06,087,273962,135634,138328,27100,62027,34528,19937,26021,61149,36177,23218,53121,123176,70705,43155,6087
06,105,12700,6535,6165,1156,1955,2300,1767,1010,1871,2193,1643,2166,3826,4493,3410,6105
06,065,2411439,1200960,1210479,313304,522115,260584,155391,300845,511133,271606,185184,614149,1033248,532190,340575,6065
06,071,2149031,1069766,1079265,292243,487851,222967,108658,279325,474578,238231,133303,571568,962429,461198,241961,6071
06,041,259943,126956,132987,26660,46432,37008,24980,25973,44470,41109,31190,52633,90902,78117,56170,6041
06,061,385512,188162,197350,44031,73591,48250,32966,42300,73558,52619,40806,86331,147149,100869,73772,6061
06,089,179212,88047,91165,19818,33478,23944,16679,18861,33017,25774,19593,38679,66495,49718,36272,6089
06,095,441829,219818,222011,50611,95996,54924,29875,48228,90412,58202,37434,98839,186408,113126,67309,6095
06,011,21454,10994,10460,2999,4500,2568,1501,2843,4125,2522,1581,5842,8625,5090,3082,6011
28,029,28501,13601,14900,3288,5477,3572,2085,3325,5788,3981,2709,6613,11265,7553,4794,28029
28,049,238797,111362,127435,29577,48305,25442,13437,28880,55336,30561,19120,58457,103641,56003,32557,28049
28,145,28507,14012,14495,3637,5740,3287,2077,3521,5720,3550,2602,7158,11460,6837,4679,28145
28,139,22018,10641,11377,2692,4335,2673,1444,2688,4566,2824,2005,5380,8901,5497,3449,28139
28,035,75224,35722,39502,8985,16625,7629,4177,8461,18593,8560,5819,17446,35218,16189,9996,28035
28,071,53590,25822,27768,4783,14349,4973,2864,5094,14708,5665,3641,9877,29057,10638,6505,28071
28,087,59150,28141,31009,7272,11652,6749,3829,6737,12671,7936,5327,14009,24323,14685,9156,28087
28,157,8875,4870,4005,1082,2340,990,648,816,1339,1187,849,1898,3679,2177,1497,28157
28,065,11339,5421,5918,1202,2115,1440,1062,1082,2141,1734,1415,2284,4256,3174,2477,28065
28,123,28332,14052,14280,4146,5626,3300,1811,3385,5765,3480,2406,7531,11391,6780,4217,28123
28,163,28565,16638,11927,3515,9070,3109,1513,2849,4618,2875,2126,6364,13688,5984,3639,28163
28,011,31848,15012,16836,4139,6269,3444,1931,3777,6967,4192,2849,7916,13236,7636,4780,28011
28,113,39532,18741,20791,5286,7186,4491,2774,5114,7929,5218,3797,10400,15115,9709,6571,28113
28,131,18276,9199,9077,2063,3939,2174,1471,1903,3885,2309,1462,3966,7824,4483,2933,28131
28,069,9943,5059,4884,1086,2309,1045,852,795,2016,1292,1073,1881,4325,2337,1925,28069
28,133,26168,13867,12301,2986,7138,2855,1397,2997,4885,3116,1987,5983,12023,5971,3384,28133
28,001,31266,16132,15134,3319,7000,4368,2408,3169,5236,4347,3308,6488,12236,8715,5716,28001
28,033,178975,86292,92683,23584,37034,19283,9822,22793,40071,21288,12809,46377,77105,40571,22631,28033
42,045,564554,271636,292918,64008,113930,69148,38085,60889,118283,76785,52317,124897,232213,145933,90402,42045
42,111,74361,38821,35540,7005,15530,11460,7356,6610,11951,10692,8822,13615,27481,22152,16178,42111
29,123,12179,5948,6231,1448,2206,1564,1052,1335,2281,1726,1234,2783,4487,3290,2286,29123
29,217,20595,10066,10529,2650,3614,2655,1749,2344,3900,2789,2110,4994,7514,5444,3859,29217
29,147,22359,11102,11257,1805,6066,2227,1476,1766,5861,2276,1840,3571,11927,4503,3316,29147
29,041,7483,3722,3761,899,1187,1064,811,808,1185,1032,966,1707,2372,2096,1777,29041
29,223,13195,6442,6753,1357,2141,1967,1450,1474,2078,2098,1599,2831,4219,4065,3049,29223
29,201,38633,18685,19948,4769,7131,4872,2998,4444,7532,5252,3887,9213,14663,10124,6885,29201
29,011,11797,5818,5979,1458,2082,1546,1041,1351,2057,1675,1331,2809,4139,3221,2372,29011
29,039,14043,7041,7002,1780,2258,1802,1543,1610,2198,1906,1733,3390,4456,3708,3276,29039
29,073,14711,7388,7323,1647,2480,2284,1483,1396,2444,2119,1802,3043,4924,4403,3285,29073
29,121,15199,7633,7566,1919,2666,2026,1494,1688,2501,2053,1849,3607,5167,4079,3343,29121
29,149,10647,5268,5379,1244,1712,1530,1125,1177,1686,1496,1340,2421,3398,3026,2465,29149
29,186,17848,9050,8798,1979,3270,2828,1622,1904,3055,2525,1763,3883,6325,5353,3385,29186
29,067,13306,6648,6658,1494,2113,2043,1517,1399,2060,2062,1664,2893,4173,4105,3181,29067
29,083,21735,10708,11027,2400,3822,3077,2139,2404,3760,3122,2507,4804,7582,6199,4646,29083
29,109,38204,18918,19286,4852,7180,4639,3128,4839,6805,5100,3690,9691,13985,9739,6818,29109
29,169,52425,29924,22501,6175,18569,4112,1952,5347,11317,4192,2423,11522,29886,8304,4375,29169
29,215,25604,13364,12240,2876,5097,3669,2474,2659,4008,3520,2775,5535,9105,7189,5249,29215
29,027,44889,22886,22003,4797,10171,5727,3316,4717,8777,5966,3796,9514,18948,11693,7112,29027
29,053,17660,9280,8380,1965,4168,2188,1349,1867,3082,2151,1688,3832,7250,4339,3037,29053
29,075,6616,3199,3417,787,1138,886,571,852,1186,831,726,1639,2324,1717,1297,29075
51,191,54071,26584,27487,5003,10133,7772,5465,4903,9682,8462,6539,9906,19815,16234,12004,51191
51,139,23788,11754,12034,2431,4361,3521,2296,2396,4207,3694,2670,4827,8568,7215,4966,51139
51,510,157613,75954,81659,14680,40634,16102,7632,13952,43263,17686,10134,28632,83897,33788,17766,51510
51,650,135041,65105,69936,14648,29332,15956,8505,13864,30137,17779,11710,28512,59469,33735,20215,51650
51,013,233464,116785,116679,21229,65987,22871,11020,20338,64845,22456,13445,41567,130832,45327,24465,51013
51,027,21788,10958,10830,2034,4276,3253,2100,1896,3763,3488,2569,3930,8039,6741,4669,51027
51,179,146773,74067,72706,19557,33612,16670,6778,18838,31564,17231,8079,38395,65176,33901,14857,51179
51,760,226622,107430,119192,20136,56097,23854,12049,19820,60198,27627,17036,39956,116295,51481,29085,51760
51,057,10998,4970,6028,999,1699,1573,1079,1226,2017,1797,1364,2225,3716,3370,2443,51057
51,185,41603,20647,20956,4096,8202,5857,3909,3934,7218,6245,5029,8030,15420,12102,8938,51185
51,685,16986,8887,8099,2347,4509,1613,707,2001,4101,1380,730,4348,8610,2993,1437,51685
51,183,11377,6811,4566,950,3717,1612,880,839,1567,1420,1089,1789,5284,3032,1969,51183
51,683,41174,20657,20517,5711,9601,4259,1757,5348,9083,4817,2246,11059,18684,9076,4003,51683
51,775,25317,11771,13546,2245,5182,3088,2008,2599,5349,3592,2795,4844,10531,6680,4803,51775
51,037,12040,5926,6114,1392,2029,1668,1189,1279,2012,1865,1445,2671,4041,3533,2634,51037
51,081,11525,7256,4269,900,4133,1737,772,906,1492,1225,938,1806,5625,2962,1710,51081
53,067,279711,136855,142856,31094,59213,33394,21008,29261,58928,37904,25922,60355,118141,71298,46930,53067
53,013,3992,1926,2066,390,588,568,534,390,619,649,594,780,1207,1217,1128,53013
72,059,18514,8817,9697,1917,3571,2066,1666,1949,3807,2563,2036,3866,7378,4629,3702,72059
72,121,22560,10614,11946,2293,4277,2452,2169,2154,4629,2980,2823,4447,8906,5432,4992,72121
72,067,15943,7340,8603,1375,2850,1793,1809,1349,3088,2269,2493,2724,5938,4062,4302,72067
72,141,28676,13910,14766,2867,5321,3817,2774,2805,5640,4014,3202,5672,10961,7831,5976,72141
72,054,11697,5624,6073,1303,2384,1327,933,1138,2598,1609,1123,2441,4982,2936,2056,72054
72,099,36161,17635,18526,3813,7438,4352,2910,3675,7810,4772,3187,7488,15248,9124,6097,72099
72,123,28109,13584,14525,3222,5591,3099,2328,2951,5867,3551,2932,6173,11458,6650,5260,72123
29,133,13574,7427,6147,1580,3387,1761,1048,1278,2281,1699,1340,2858,5668,3460,2388,29133
29,153,9207,4489,4718,871,1273,1560,1261,957,1337,1556,1260,1828,2610,3116,2521,29153
29,017,12225,6068,6157,1360,2152,1869,1134,1303,2182,1753,1262,2663,4334,3622,2396,29017
47,165,183437,89689,93748,22309,36732,22683,12691,21247,37598,24158,15850,43556,74330,46841,28541,47165
47,169,10231,5987,4244,1138,3377,1129,597,792,1729,1253,828,1930,5106,2382,1425,47169
47,027,7654,3669,3985,702,1287,1045,853,848,1301,1115,964,1550,2588,2160,1817,47027
17,139,14641,7199,7442,1898,2667,1827,1219,1778,2651,1912,1547,3676,5318,3739,2766,17139
17,149,15672,7744,7928,1794,2921,2086,1430,1749,2759,2092,1795,3543,5680,4178,3225,17149
17,151,4203,2262,1941,344,769,714,572,282,513,759,578,626,1282,1473,1150,17151
17,163,262338,126734,135604,31826,51774,32311,17069,30013,54302,34937,22892,61839,106076,67248,39961,17163
17,173,21737,10721,11016,2362,3835,3120,2195,2272,3736,3139,2606,4634,7571,6259,4801,17173
17,019,209922,104627,105295,20147,57602,19527,11438,19438,54413,21486,14521,39585,112015,41013,25959,17019
17,013,4830,2420,2410,513,816,738,517,496,774,691,607,1009,1590,1429,1124,17013
17,053,13270,6551,6719,1563,2464,1746,1055,1454,2331,1801,1443,3017,4795,3547,2498,17053
17,089,531376,264564,266812,70560,111727,62746,31285,67140,109229,64712,38665,137700,220956,127458,69950,17089
17,093,126054,62117,63937,18347,28119,12054,5608,17999,28624,12503,7145,36346,56743,24557,12753,17093
17,009,6628,4193,2435,612,2330,936,449,530,920,659,511,1142,3250,1595,960,17009
17,121,37743,18613,19130,4489,7039,4755,3280,4186,6850,5345,4008,8675,13889,10100,7288,17121
17,125,13621,6708,6913,1414,2408,1983,1364,1403,2373,1881,1641,2817,4781,3864,3005,17125
17,075,27812,13576,14236,3006,4888,3949,2641,3066,4790,3961,3254,6072,9678,7910,5895,17075
17,025,13287,6634,6653,1570,2404,1863,1177,1447,2312,1866,1484,3017,4716,3729,2661,17025
17,059,5064,2463,2601,500,907,732,529,538,874,716,662,1038,1781,1448,1191,17059
17,133,34168,16788,17380,3895,6382,4849,2649,3747,6394,4877,3242,7642,12776,9726,5891,17133
17,181,16968,8508,8460,1865,3142,2432,1602,1724,3023,2348,1868,3589,6165,4780,3470,17181
17,201,284819,139039,145780,34296,55026,35871,21430,32794,56271,37919,27022,67090,111297,73790,48452,17201
17,153,5510,2717,2793,645,910,785,546,561,953,886,655,1206,1863,1671,1201,17153
17,169,6953,3641,3312,637,1446,1054,725,667,1112,1000,803,1304,2558,2054,1528,17169
17,045,17407,8540,8867,1799,3152,2585,1657,1730,3054,2561,2120,3529,6206,5146,3777,17045
17,007,53537,26792,26745,7039,10689,6570,3722,6475,10737,6430,4612,13514,21426,13000,8334,17007
17,011,33122,16334,16788,3641,5980,4590,3194,3456,5753,4749,3969,7097,11733,9339,7163,17011
17,029,51353,24877,26476,4706,11861,5935,3700,4549,12254,6188,4795,9255,24115,12123,8495,17029
17,033,18972,9906,9066,1886,4411,2631,1546,1877,3228,2536,2012,3763,7639,5167,3558,17033
17,155,5721,2962,2759,627,1014,944,619,488,902,904,679,1115,1916,1848,1298,17155
17,039,15932,7947,7985,1746,3061,2301,1333,1697,2852,2223,1657,3443,5913,4524,2990,17039
17,103,34389,18299,16090,3471,7658,5044,3055,3341,5773,4580,3456,6812,13431,9624,6511,17103
17,117,45463,22535,22928,5112,8433,6387,3970,4571,8249,6595,4925,9683,16682,12982,8895,17117
17,159,15766,7797,7969,1837,2914,2040,1411,1789,2733,2144,1755,3626,5647,4184,3166,17159
17,189,14058,7068,6990,1575,2571,2136,1308,1463,2472,1916,1488,3038,5043,4052,2796,17189
41,067,589481,291701,297780,70186,136790,63949,32997,66706,133712,68957,43364,136892,270502,132906,76361,41067
41,007,39102,19457,19645,3882,7496,5672,3931,3578,7080,6213,4456,7460,14576,11885,8387,41007
42,023,4611,2281,2330,396,722,787,591,371,695,811,644,767,1417,1598,1235,42023
42,017,626806,307660,319146,66199,118283,89766,50668,62970,117827,94427,63050,129169,236110,184193,113718,42017
42,077,365052,178570,186482,42758,74536,44606,26070,40028,74981,47116,34032,82786,149517,91722,60102,42077
42,031,38715,18881,19834,3729,7773,5179,3344,3576,8101,5247,4069,7305,15874,10426,7413,42031
42,059,36870,19169,17701,3686,8142,5369,3151,3424,6816,4982,3672,7110,14958,10351,6823,42059
42,079,317663,157010,160653,31900,64938,42581,26685,30655,60461,43988,35600,62555,125399,86569,62285,42079
42,037,65715,31564,34151,5845,13715,8444,5434,5761,14315,9037,7009,11606,28030,17481,12443,42037
42,065,43846,21839,22007,4805,8086,6224,4056,4511,7727,6089,4957,9316,15813,12313,9013,42065
42,099,46053,23346,22707,5258,8790,6809,3936,4684,8494,6734,4357,9942,17284,13543,8293,42099
42,113,6135,3243,2892,393,1159,1121,825,327,882,1050,871,720,2041,2171,1696,42113
44,003,163869,79292,84577,15942,32109,22955,12890,15118,32207,25037,17290,31060,64316,47992,30180,44003
44,009,126060,60774,65286,10731,24510,18469,11205,10498,25427,19626,13917,21229,49937,38095,25122,44009
45,071,38194,18529,19665,4099,7328,5154,3213,4237,7152,5478,4132,8336,14480,10632,7345,45071
45,027,33957,16739,17218,3382,6430,4697,3523,3245,5785,5255,4212,6627,12215,9952,7735,45027
45,085,106757,51432,55325,13181,21736,11933,7120,12664,22042,13927,9828,25845,43778,25860,16948,45085
45,011,21346,10337,11009,2756,3802,2640,1656,2395,4042,3137,2130,5151,7844,5777,3786,45011
45,031,67027,31723,35304,7651,12236,8483,5330,7380,13372,9974,6998,15031,25608,18457,12328,45031
45,091,265872,128270,137602,32965,53707,31411,16571,31830,57961,34542,20770,64795,111668,65953,37341,45091
45,021,56895,27531,29364,6564,11243,7224,4080,6658,11818,7171,5182,13222,23061,14395,9262,45021
45,053,28657,14375,14282,3015,6268,3629,2357,2982,5228,4306,2855,5997,11496,7935,5212,45053
45,061,17365,8865,8500,1705,4015,2325,1331,1696,3015,2633,1809,3401,7030,4958,3140,45061
45,001,24627,11941,12686,2601,4559,3354,2345,2476,4610,3495,2857,5077,9169,6849,5202,45001
46,085,3848,2004,1844,598,731,506,283,534,628,441,316,1132,1359,947,599,46085
46,039,4318,2250,2068,570,764,666,427,457,677,571,492,1027,1441,1237,919,46039
06,021,27976,14218,13758,3968,5553,3427,2081,3517,5310,3451,2379,7485,10863,6878,4460,6021
06,007,225817,111735,114082,23401,49929,26532,18287,22038,48034,28769,22398,45439,97963,55301,40685,6007
06,031,150691,82995,67696,20870,42723,14947,6945,20169,29185,12659,8118,41039,71908,27606,15063,6031
06,063,18660,9282,9378,1522,2763,3441,2536,1595,2736,3514,2514,3117,5499,6955,5050,6063
06,079,282165,143006,139159,25601,65024,36408,25393,24575,56527,38558,29454,50176,121551,74966,54847,6079
06,019,984521,491146,493375,143303,217901,95977,52641,137541,210477,100955,65136,280844,428378,196932,117777,6019
06,029,887641,454843,432798,131151,208663,87581,43518,126938,183683,87837,51194,258089,392346,175418,94712,6029
06,059,3168044,1563832,1604212,360193,698164,371470,201500,344315,690597,392375,253605,704508,1388761,763845,455105,6059
06,111,847263,419111,428152,99778,179591,102380,57151,97009,174610,108309,70477,196787,354201,210689,127628,6111
06,009,45514,22663,22851,3975,7123,7337,6135,3836,6687,8083,6384,7811,13810,15420,12519,6009
06,101,96109,47866,48243,12950,19820,10866,6502,12109,19348,11135,7916,25059,39168,22001,14418,6101
06,081,767423,379328,388095,81792,170699,92573,52749,77712,163832,99037,68128,159504,334531,191610,120877,6081
06,109,54045,28112,25933,4565,10908,8351,6658,4422,8162,8196,7169,8987,19070,16547,13827,6109
06,077,742603,370152,372451,104007,161672,78175,41075,98694,156836,81475,52006,202701,318508,159650,93081,6077
06,005,38429,20640,17789,2945,8036,6419,4897,2902,5137,6320,5349,5847,13173,12739,10246,6005
08,095,4290,2226,2064,526,964,490,357,617,629,548,384,1143,1593,1038,741,8095
08,007,13253,6657,6596,1219,2131,2264,1686,1083,2058,2572,1698,2302,4189,4836,3384,8007
08,031,705576,353311,352265,70875,192600,67875,35542,68812,183361,69264,45946,139687,375961,137139,81488,8031
08,061,1489,722,767,234,227,186,142,159,230,208,226,393,457,394,368,8061
08,055,6679,3288,3391,536,909,1135,1068,538,943,1187,1015,1074,1852,2322,2083,8055
08,009,3561,1744,1817,382,603,473,398,366,552,481,528,748,1155,954,926,8009
08,047,6018,3048,2970,425,1213,1180,562,393,1131,1221,517,818,2344,2401,1079,8047
08,063,7447,3994,3453,992,1582,982,639,804,1182,929,726,1796,2764,1911,1365,8063
08,051,16802,9101,7701,1538,4793,2024,1184,1370,3918,1801,1002,2908,8711,3825,2186,8051
08,079,824,422,402,51,126,160,116,45,96,199,105,96,222,359,221,8079
08,091,4796,2437,2359,435,702,837,715,328,640,1053,615,763,1342,1890,1330,8091
08,115,2322,1109,1213,244,355,338,245,340,310,348,292,584,665,686,537,8115
08,123,305345,154294,151051,41171,69681,33094,16926,39231,65893,33749,19291,80402,135574,66843,36217,8123
08,027,4776,2442,2334,368,503,1015,883,348,497,1026,834,716,1000,2041,1717,8027
08,023,3745,1985,1760,388,563,681,534,296,534,644,489,684,1097,1325,1023,8023
08,035,336041,167729,168312,45904,70707,39966,17867,43331,70504,41382,20550,89235,141211,81348,38417,8035
08,065,7751,4308,3443,813,2056,1136,433,587,1964,641,385,1400,4020,1777,818,8065
08,067,55617,27999,27618,5463,12168,7879,4526,5147,11497,8044,4624,10610,23665,15923,9150,8067
08,097,17926,9344,8582,1531,3964,2809,1711,1351,3760,2592,1481,2882,7724,5401,3192,8097
08,105,11305,5632,5673,1371,2082,1432,1053,1240,2077,1566,1143,2611,4159,2998,2196,8105
08,011,5787,3735,2052,383,2153,897,516,495,644,549,517,878,2797,1446,1033,8011
08,025,5754,3654,2100,384,2273,748,411,325,996,561,359,709,3269,1309,770,8025
08,111,589,292,297,27,112,119,68,49,90,116,78,76,202,235,146,8111
08,069,344786,172000,172786,34920,82945,39457,23933,33470,78406,42640,28228,68390,161351,82097,52161,8069
08,075,22380,12086,10294,2270,5816,2823,1732,2328,3823,2695,2106,4598,9639,5518,3838,8075
08,113,8049,4240,3809,767,1876,1286,595,678,1818,1057,493,1445,3694,2343,1088,8113
08,119,24524,12480,12044,2183,4107,4708,2646,2140,3851,4585,2517,4323,7958,9293,5163,8119
08,039,25717,13020,12697,2880,4516,4450,2022,2692,4411,4434,1962,5572,8927,8884,3984,8039
08,071,14266,7485,6781,1298,2969,2191,1614,1234,2267,2013,1763,2532,5236,4204,3377,8071
08,073,5585,3561,2024,588,1945,643,457,535,501,589,514,1123,2446,1232,971,8073
08,117,30649,16696,13953,2478,8451,4483,2054,2499,6664,3459,1860,4977,15115,7942,3914,8117
08,003,16107,8059,8048,2017,3759,1681,1005,1916,3594,1824,1125,3933,7353,3505,2130,8003
08,029,30565,15453,15112,3157,5364,4545,3678,2924,4591,4821,4049,6081,9955,9366,7727,8029
08,043,47321,27599,19722,3835,13071,7527,4905,3660,6171,6478,5105,7495,19242,14005,10010,8043
08,085,41686,20526,21160,4633,7128,5912,4470,4446,6957,6236,5165,9079,14085,12148,9635,8085
08,087,28517,14348,14169,3788,5947,3443,1920,3638,5474,3333,2464,7426,11421,6776,4384,8087
08,109,6592,3283,3309,687,990,1169,746,750,1011,1057,729,1437,2001,2226,1475,8109
08,099,12022,6132,5890,1677,2356,1520,931,1394,2138,1511,1161,3071,4494,3031,2092,8099
08,121,4868,2550,2318,615,944,672,477,496,796,646,500,1111,1740,1318,977,8121
08,049,15303,8087,7216,1348,3375,2601,1411,1321,2836,2335,1150,2669,6211,4936,2561,8049
08,089,18282,8904,9378,2222,3263,2237,1658,2188,3377,2393,2013,4410,6640,4630,3671,8089
08,014,67886,33817,34069,8006,15781,7568,3917,7735,14858,7983,5109,15741,30639,15551,9026,8014
10,005,224384,108502,115882,21293,35509,33480,28171,20981,35500,38194,32318,42274,71009,71674,60489,10005
11,001,692683,328644,364039,62622,179570,64096,34262,61308,197722,71175,49408,123930,377292,135271,83670,11001
09,009,857513,413519,443994,89509,175459,107688,62169,85325,181429,119087,83572,174834,356888,226775,145741,9009
09,003,893561,433975,459586,96315,183797,112224,63767,92862,183198,122475,86122,189177,366995,234699,149889,9003
47,157,936374,444834,491540,119099,193697,101541,50853,116082,208725,119430,71842,235181,402422,220971,122695,47157
47,077,27977,13721,14256,3423,5167,3770,2213,2965,5481,4019,2806,6388,10648,7789,5019,47077
47,089,53679,26332,27347,5417,10326,7166,4851,5291,10267,8125,5687,10708,20593,15291,10538,47089
47,153,14816,7391,7425,1524,2903,2212,1381,1490,2675,2282,1580,3014,5578,4494,2961,47153
47,017,27886,13613,14273,3138,5221,3657,2398,2819,5322,3812,3157,5957,10543,7469,5555,47017
47,037,687488,331298,356190,73533,166537,70185,34547,71473,174024,79438,47660,145006,340561,149623,82207,47037
47,135,7962,3941,4021,869,1461,1022,773,891,1416,1147,859,1760,2877,2169,1632,47135
47,121,12104,5991,6113,1215,2167,1818,1316,1266,2104,1863,1314,2481,4271,3681,2630,47121
47,075,17623,8238,9385,2042,3029,2428,1324,1957,3546,2629,1828,3999,6575,5057,3152,47075
47,125,200180,99949,100231,27592,50326,17440,8107,26250,48265,18993,10156,53842,98591,36433,18263,47125
47,061,13344,6599,6745,1533,2503,1766,1203,1361,2464,1884,1537,2894,4967,3650,2740,47061
47,029,35552,17255,18297,3749,6141,5245,3534,3561,6600,5539,3879,7310,12741,10784,7413,47029
47,041,19847,9857,9990,2267,3898,2702,1605,2065,3760,2866,1989,4332,7658,5568,3594,47041
47,101,12027,5823,6204,1359,2137,1657,1104,1269,2263,1687,1367,2628,4400,3344,2471,47101
47,131,30365,14609,15756,3322,5593,3934,2652,3338,5719,4290,3372,6660,11312,8224,6024,47131
47,167,61447,30265,31182,7796,12476,7550,3872,7348,12595,8101,4779,15144,25071,15651,8651,47167
47,045,37416,18137,19279,4636,7060,4613,2748,4316,7460,4956,3683,8952,14520,9569,6431,47045
47,065,360919,174207,186712,38467,74554,43922,26919,36826,76925,47549,35222,75293,151479,91471,62141,47065
47,139,16814,8366,8448,1658,3184,2476,1619,1678,2974,2486,1830,3336,6158,4962,3449,47139
47,185,26800,13070,13730,3083,4896,3450,2408,2888,4967,3712,2966,5971,9863,7162,5374,47185
47,163,157050,76345,80705,15649,29321,21501,14909,14928,29241,23143,18844,30577,58562,44644,33753,47163
36,095,31222,15500,15722,2796,5972,4618,3167,2747,5849,4946,3386,5543,11821,9564,6553,36095
36,035,53646,26800,26846,5670,10454,7637,4566,5266,9888,7748,5645,10936,20342,15385,10211,36035
36,083,159185,78848,80337,16065,34652,20908,11627,15016,33051,22332,14680,31081,67703,43240,26307,36083
36,033,50477,27483,22994,5145,12875,7063,3944,4915,8481,6480,4421,10060,21356,13543,8365,36033
36,081,2287388,1109772,1177616,237095,507381,268666,147411,225228,512546,298440,203103,462323,1019927,567106,350514,36081
36,115,61616,31902,29714,6080,13178,9105,5385,5656,10751,8934,6235,11736,23929,18039,11620,36115
36,061,1631993,772614,859379,118512,409116,172370,107928,116424,439733,191838,156428,234936,848849,364208,264356,36061
36,011,77425,39757,37668,8025,16244,11374,6553,7369,13896,11001,7659,15394,30140,22375,14212,36011
36,087,324422,159114,165308,46345,61800,36471,21603,44547,60723,39643,28808,90892,122523,76114,50411,36087
36,063,210820,102775,108045,21644,40212,29949,17224,20880,40386,31503,21993,42524,80598,61452,39217,36063
36,031,37459,19504,17955,3198,7688,5902,4047,2956,5965,6064,4478,6154,13653,11966,8525,36031
36,059,1356509,660093,696416,150606,264977,176866,102622,143136,266106,192114,134361,293742,531083,368980,236983,36059
36,097,17920,8965,8955,1792,3250,2804,1753,1658,3140,2830,1974,3450,6390,5634,3727,36097
36,017,47909,24003,23906,5077,8806,7232,4579,4874,8426,7193,5098,9951,17232,14425,9677,36017
36,045,112842,59266,53576,13887,29606,11555,6690,13395,22477,12037,8233,27282,52083,23592,14923,36045
36,103,1483832,730427,753405,162447,299085,198422,106944,155766,291773,207763,137927,318213,590858,406185,244871,36103
36,121,40305,21537,18768,4025,9336,6074,3366,3991,6828,5529,3630,8016,16164,11603,6996,36121
36,075,118339,59267,59072,12999,24234,16568,8632,12123,23807,16497,10036,25122,48041,33065,18668,36075
36,117,90519,44902,45617,9890,16884,12996,7699,9600,16466,13435,8932,19490,33350,26431,16631,36117
36,007,193188,95077,98111,19490,40275,24860,15628,18138,39240,25725,20479,37628,79515,50585,36107,36007
08,053,857,385,472,54,99,163,103,84,118,202,107,138,217,365,210,8053
36,029,919355,444825,474530,95495,186729,117135,68951,92077,188153,128027,92793,187572,374882,245162,161744,36029
36,105,75116,38485,36631,8154,14919,11038,6723,7788,13354,10321,7205,15942,28273,21359,13928,36105
36,071,380085,190453,189632,50059,80139,45847,22932,47233,74971,47485,29019,97292,155110,93332,51951,36071
37,087,61053,29481,31572,5789,10641,8790,6691,5360,10901,9446,8174,11149,21542,18236,14865,37087
37,067,375195,177935,197260,44387,74031,43530,24765,42651,81511,49849,33704,87038,155542,93379,58469,37067
18,089,485707,234929,250778,58547,95210,59815,33641,56390,98591,65318,44463,114937,193801,125133,78104,18089
18,107,38287,19388,18899,4437,7928,5016,2994,4248,6815,5230,3816,8685,14743,10246,6810,18107
18,001,35376,17650,17726,5763,6507,3838,2335,5326,6209,4052,3017,11089,12716,7890,5352,18001
18,041,23194,11402,11792,2610,4372,3081,2064,2519,4256,3238,2488,5129,8628,6319,4552,18041
18,021,26234,12925,13309,3002,5035,3514,2101,3025,4911,3512,2575,6027,9946,7026,4676,18021
18,037,42543,21180,21363,5370,8016,5809,3106,5142,7662,5728,4065,10512,15678,11537,7171,18037
18,047,22774,11230,11544,2643,4150,3151,1827,2796,4090,3188,2166,5439,8240,6339,3993,18047
18,059,75164,37039,38125,9094,14782,9409,5482,8588,14986,10127,6489,17682,29768,19536,11971,18059
18,067,82331,39867,42464,9505,15255,10331,6807,9145,15599,11517,8883,18650,30854,21848,15690,18067
18,115,5874,2922,2952,576,1023,936,568,553,990,925,664,1129,2013,1861,1232,18115
18,121,16946,8170,8776,1893,2833,2424,1567,1745,3480,2356,1672,3638,6313,4780,3239,18121
18,135,24926,12214,12712,2859,4582,3394,2145,2880,4487,3374,2762,5739,9069,6768,4907,18135
18,007,8677,4332,4345,1150,1621,1117,678,1011,1574,1143,842,2161,3195,2260,1520,18007
18,013,15064,7354,7710,1327,2487,2461,1699,1353,2366,2833,1962,2680,4853,5294,3661,18013
18,133,37384,19760,17624,3783,9167,4964,2809,3505,7229,4569,3314,7288,16396,9533,6123,18133
18,175,27848,13885,13963,3185,5427,3923,2142,3185,5151,4064,2515,6370,10578,7987,4657,18175
18,027,33120,16687,16433,5049,6324,3890,2265,4650,6058,3881,2764,9699,12382,7771,5029,18027
18,065,48255,25389,22866,5206,10820,6747,4030,4671,8195,6629,4961,9877,19015,13376,8991,18065
18,083,37065,18817,18248,4142,8278,4824,2745,3803,6955,5015,3749,7945,15233,9839,6494,18083
18,095,129455,64666,64789,14636,26936,16283,10169,13593,24950,17354,13057,28229,51886,33637,23226,18095
18,125,12378,6176,6202,1395,2229,1762,1130,1436,2111,1653,1307,2831,4340,3415,2437,18125
18,131,12559,6330,6229,1444,2364,1732,1150,1427,2167,1804,1224,2871,4531,3536,2374,18131
18,151,34453,17548,16905,3667,6905,4855,3179,3402,6136,4929,3567,7069,13041,9784,6746,18151
56,021,98320,49857,48463,11691,21896,11659,7057,11064,19561,12130,8217,22755,41457,23789,15274,56021
56,039,23280,12325,10955,2575,5926,2839,1612,1863,5313,2738,1656,4438,11239,5577,3268,56039
48,407,28180,13797,14383,3005,4765,4053,2986,3233,4725,4382,3241,6238,9490,8435,6227,48407
48,459,41018,20139,20879,5021,7603,5197,3327,4793,7642,5686,4023,9814,15245,10883,7350,48459
48,473,51832,25844,25988,6505,12247,5347,2827,6026,12509,5221,3186,12531,24756,10568,6013,48473
48,493,49173,24716,24457,6163,9676,6536,3686,5886,9348,6657,3871,12049,19024,13193,7557,48493
48,219,23064,11502,11562,3117,4872,2491,1515,2913,4790,2668,1773,6030,9662,5159,3288,48219
48,329,168167,85041,83126,24619,39664,15883,7569,23089,36512,17027,9686,47708,76176,32910,17255,48329
48,299,21047,10356,10691,1812,2723,3276,3641,1348,2745,3835,4015,3160,5468,7111,7656,48299
48,147,34537,18246,16291,3670,7748,4684,3073,3648,5861,4435,3325,7318,13609,9119,6398,48147
48,041,222981,112629,110352,23172,66948,16809,8857,22673,62213,18279,10929,45845,129161,35088,19786,48041
48,165,20706,10556,10150,3834,4294,1874,836,3622,4039,1750,984,7456,8333,3624,1820,48165
48,179,22410,11819,10591,2842,5333,2604,1586,2893,3938,2331,1960,5735,9271,4935,3546,48179
48,237,8852,5053,3799,1016,2440,1089,703,861,1370,1033,807,1877,3810,2122,1510,48237
48,035,18296,9013,9283,2040,2896,2685,2160,1860,3047,2744,2344,3900,5943,5429,4504,48035
48,029,1952843,964179,988664,255794,455241,189595,99926,246573,443469,209713,131451,502367,898710,399308,231377,48029
48,023,3577,1746,1831,400,548,511,416,346,582,611,451,746,1130,1122,867,48023
48,121,833822,410114,423708,106689,194007,87043,36612,102224,200311,92092,45525,208913,394318,179135,82137,48121
48,167,332885,163877,169008,41528,68673,41075,21039,39736,69811,42636,25395,81264,138484,83711,46434,48167
48,393,805,387,418,97,126,89,95,120,124,82,111,217,250,171,206,48393
48,463,26920,13185,13735,3664,5493,2489,2026,3633,5414,2999,2468,7297,10907,5488,4494,48463
48,037,93373,46960,46413,11461,20356,10916,6621,10687,18032,11587,8647,22148,38388,22503,15268,48037
48,263,647,295,352,80,74,87,71,79,84,114,111,159,158,201,182,48263
48,425,8860,4448,4412,1047,1689,1264,805,950,1634,1217,819,1997,3323,2481,1624,48425
48,199,56765,27374,29391,6718,11024,6861,4164,7311,11055,7538,5188,14029,22079,14399,9352,48199
48,289,17225,8569,8656,1997,2890,2454,2011,1900,2834,2456,2164,3897,5724,4910,4175,48289
48,351,13914,7130,6784,1419,2793,2086,1300,1385,2344,1934,1500,2804,5137,4020,2800,48351
48,389,15492,8744,6748,1764,5090,1382,842,1671,2721,1581,1119,3435,7811,2963,1961,48389
48,453,1226805,619629,607176,138017,329672,120759,52555,131958,309797,124730,63928,269975,639469,245489,116483,48453
48,087,2969,1493,1476,437,553,381,198,307,532,387,306,744,1085,768,504,48087
48,143,41841,20347,21494,4560,9825,4137,2685,4191,10726,4517,3190,8751,20551,8654,5875,48143
48,345,1252,675,577,148,234,134,213,171,149,153,180,319,383,287,393,48345
48,083,8334,4308,4026,940,1356,1316,1030,845,1253,1163,1029,1785,2609,2479,2059,48083
48,325,50057,25816,24241,5848,11016,6453,3875,5749,9024,6591,4396,11597,20040,13044,8271,48325
48,213,81070,39485,41585,8868,14161,10950,8216,8596,14517,11666,9602,17464,28678,22616,17818,48213
48,277,49611,23770,25841,5939,9100,5908,4093,5886,9547,6748,5290,11825,18647,12656,9383,48277
48,267,4373,2168,2205,579,538,629,581,353,627,767,686,932,1165,1396,1267,48267
48,477,35163,17282,17881,4046,6340,4544,3296,3655,6492,4709,4080,7701,12832,9253,7376,48477
48,429,9364,4858,4506,1080,2076,1154,816,1039,1563,1212,1009,2119,3639,2366,1825,48429
48,003,18036,9174,8862,2895,4039,1763,792,2793,3717,1675,1018,5688,7756,3438,1810,48003
48,177,20731,10540,10191,2981,3954,2620,1586,2625,3850,2464,1807,5606,7804,5084,3393,48177
48,305,5830,3011,2819,811,1161,720,458,767,973,732,529,1578,2134,1452,987,48305
48,505,14304,7095,7209,2523,2792,1110,896,2273,2908,1326,1079,4796,5700,2436,1975,48505
48,221,58318,28416,29902,6231,9509,8010,6710,6059,9666,9075,7687,12290,19175,17085,14397,48221
48,269,237,117,120,35,15,59,15,35,45,30,10,70,60,89,25,48269
48,073,52118,26587,25531,6878,10886,6297,4063,6443,9534,6347,4823,13321,20420,12644,8886,48073
48,119,5249,2488,2761,530,879,758,491,692,877,802,565,1222,1756,1560,1056,48119
48,253,19943,12527,7416,1783,7164,2676,1455,1699,2517,2127,1581,3482,9681,4803,3036,48253
09,015,116566,57727,58839,12050,24322,16058,8344,11291,23865,16504,10368,23341,48187,32562,18712,9015
09,011,267390,134037,133353,26887,56814,36297,21360,25514,51696,37973,26061,52401,108510,74270,47421,9011
09,007,163053,79641,83412,15148,31161,24080,14205,14165,31087,25667,17867,29313,62248,49747,32072,9007
09,013,151063,75601,75462,13620,35573,19401,10675,12955,34154,19772,12465,26575,69727,39173,23140,9013
09,001,943926,459636,484290,109403,188695,119143,63376,105099,191106,128017,83245,214502,379801,247160,146621,9001
12,133,24764,13409,11355,2343,6336,3430,2002,2449,4050,3303,2266,4792,10386,6733,4268,12133
12,031,936186,454084,482102,107993,206084,105889,55121,104059,209588,120066,73322,212052,415672,225955,128443,12031
12,007,27317,15021,12296,2858,7273,3574,2121,2560,4343,3481,2746,5418,11616,7055,4867,12007
12,009,585507,286412,299095,55364,102772,84946,62706,52389,100961,93095,74455,107753,203733,178041,137161,12009
12,019,211405,104304,107101,25564,42403,27050,15012,24141,42957,28700,17531,49705,85360,55750,32543,12019
12,067,8637,5125,3512,948,2801,991,532,951,1265,793,656,1899,4066,1784,1188,12067
12,069,345867,167643,178224,34409,58417,44280,42292,32501,60151,50094,49523,66910,118568,94374,91815,12069
12,089,83098,41211,41887,8754,14863,11784,8489,7805,14893,12722,9395,16559,29756,24506,17884,12089
12,103,964666,463198,501468,80761,171476,138906,104441,77502,176030,155366,130374,158263,347506,294272,234815,12103
12,105,686218,336279,349939,78291,133800,80035,63538,74568,135041,87915,74803,152859,268841,167950,138341,12105
12,111,312947,152727,160220,32253,55403,40254,34635,30431,56390,44734,39725,62684,111793,84988,74360,12111
12,043,13516,7509,6007,1048,3024,2096,1918,1032,1961,1749,1720,2080,4985,3845,3638,12043
12,051,40732,21600,19132,5829,9302,4645,2677,5153,7692,4415,2668,10982,16994,9060,5345,12051
12,061,153989,73951,80038,13064,22676,21406,22765,12231,23104,25090,26920,25295,45780,46496,49685,12061
12,063,47945,26318,21627,4631,12451,6527,4106,4309,7715,5868,5128,8940,20166,12395,9234,12063
12,109,244674,119055,125619,27057,44589,32694,22383,26358,45926,36306,25854,53415,90515,69000,48237,12109
12,117,461402,223000,238402,49512,99431,54514,30220,48114,101783,61849,39891,97626,201214,116363,70111,12117
12,005,182161,90531,91630,19756,38038,23434,14208,19193,35987,25043,16840,38949,74025,48477,31048,12005
12,035,109801,52399,57402,9198,16595,15711,15695,9634,17307,18690,17227,18832,33902,34401,32922,12035
12,045,15576,9109,6467,1368,4320,2453,1566,1170,2006,2258,1655,2538,6326,4711,3221,12045
12,077,8345,4973,3372,723,2561,1322,642,653,1334,945,638,1376,3895,2267,1280,12077
12,097,351955,173562,178393,44542,79316,36653,20401,42126,79477,40080,25217,86668,158793,76733,45618,12097
12,131,68262,34533,33729,7094,13528,9763,6374,6839,11804,10631,6936,13933,25332,20394,13310,12131
12,039,45945,21790,24155,4979,8647,6099,3463,5064,9528,6664,4494,10043,18175,12763,7957,12039
12,065,14161,7432,6729,1112,3130,2173,1517,1195,2117,2306,1732,2307,5247,4479,3249,12065
12,083,353526,169652,183874,33705,56968,44810,46888,32278,59368,52634,54350,65983,116336,97444,101238,12083
12,049,27131,14696,12435,3935,6259,3052,2036,3176,4876,2800,2249,7111,11135,5852,4285,12049
12,093,41144,22205,18939,4807,9138,5333,3994,4075,7009,4924,4141,8882,16147,10257,8135,12093
12,095,1349746,662036,687710,153877,324294,140832,68653,147843,328784,152343,88499,301720,653078,293175,157152,12095
12,041,17953,9415,8538,2041,3878,2394,1648,1696,2945,2575,1989,3737,6823,4969,3637,12041
12,121,44046,22633,21413,4766,9051,6051,4201,4805,7157,6151,4835,9571,16208,12202,9036,12121
12,001,265443,128220,137223,24225,68163,25684,16046,23517,70660,29949,20267,47742,138823,55633,36313,12001
12,013,14362,7917,6445,1494,3581,2021,1245,1408,2255,1782,1510,2902,5836,3803,2755,12013
12,015,181067,88465,92602,11587,23248,29213,34370,10629,21966,33187,37365,22216,45214,62400,71735,12015
12,029,16589,9289,7300,1646,3586,2755,1889,1356,2290,2415,1884,3002,5876,5170,3773,12029
12,085,159065,78707,80358,13507,25503,23111,22530,12768,23160,24708,26144,26275,48663,47819,48674,12085
12,115,419496,200053,219443,31014,57956,60423,69300,29368,59097,70826,81909,60382,117053,131249,151209,12115
12,081,384213,185822,198391,36343,63717,50751,48103,34992,64736,59160,55574,71335,128453,109911,103677,12081
12,017,145169,70474,74695,11171,19274,22162,25151,10374,19173,26238,27510,21545,38447,48400,52661,12017
12,003,28211,14701,13510,3479,6580,3667,1775,3254,5219,3630,2098,6733,11799,7297,3873,12003
12,113,174755,89306,85449,19849,38693,22654,12736,18751,33718,22621,14873,38600,72411,45275,27609,12113
12,073,289770,137486,152284,27664,71887,28181,16351,26551,79640,32455,21029,54215,151527,60636,37380,12073
12,011,1926205,938043,988162,208187,398668,239078,138164,201993,407076,256209,175897,410180,805744,495287,314061,12011
12,087,75798,39491,36307,5847,15098,12809,8843,5608,13689,11969,7946,11455,28787,24778,16789,12087
12,053,186313,89454,96859,17327,30190,25231,23742,17088,31235,29095,27463,34415,61425,54326,51205,12053
12,057,1422278,695072,727206,163906,315024,159547,87528,155754,322723,174334,110653,319660,637747,333881,198181,12057
12,123,21870,12254,9616,2284,5752,2966,2010,2037,3220,2801,2294,4321,8972,5767,4304,12123
12,129,32321,17541,14780,3493,7978,4626,2221,3369,5568,4155,2494,6862,13546,8781,4715,12129
13,189,21455,9827,11628,2541,3774,2514,1524,2880,4185,3117,2186,5421,7959,5631,3710,13189
13,211,18507,9065,9442,2211,3274,2477,1614,1987,3347,2759,1997,4198,6621,5236,3611,13211
13,149,11736,5796,5940,1409,2241,1505,894,1257,2322,1680,1059,2666,4563,3185,1953,13149
13,095,89703,41433,48270,11031,17563,9488,5652,10611,20420,11736,8066,21642,37983,21224,13718,13095
13,111,25395,12319,13076,2203,3780,4185,3398,2039,3857,4654,3830,4242,7637,8839,7228,13111
13,153,153507,74436,79071,20186,32242,16927,8245,19201,33898,18379,10815,39387,66140,35306,19060,13153
13,175,47405,22431,24974,6094,8605,5716,3410,5625,9688,6230,4765,11719,18293,11946,8175,13175
13,255,65306,31624,33682,8103,12509,7693,4978,7442,13170,8594,6551,15545,25679,16287,11529,13255
13,271,16035,9238,6797,1186,5038,2363,1222,1498,2298,1818,1589,2684,7336,4181,2811,13271
18,171,8237,4109,4128,905,1493,1193,763,908,1445,1101,895,1813,2938,2294,1658,18171
18,165,15539,7778,7761,1839,2993,2089,1354,1593,2785,2259,1668,3432,5778,4348,3022,18165
18,179,28011,13734,14277,3544,5161,3681,2147,3360,5027,3926,2877,6904,10188,7607,5024,18179
18,003,372575,182088,190487,49112,76324,42302,23102,47195,78029,45318,29849,96307,154353,87620,52951,18003
18,031,26562,13182,13380,3264,5283,3382,1958,3178,4954,3562,2426,6442,10237,6944,4384,18031
18,035,115020,55549,59471,11076,26161,12707,8330,10239,27526,13792,11054,21315,53687,26499,19384,18035
18,043,77320,37319,40001,8845,15357,9876,5200,8777,15846,10681,6925,17622,31203,20557,12125,18043
18,077,32201,15332,16869,3338,6138,4259,2488,3296,6865,4678,3102,6634,13003,8937,5590,18077
18,079,27710,13964,13746,3239,5646,3794,2015,3179,5251,3732,2397,6418,10897,7526,4412,18079
18,081,153716,75493,78223,19612,32236,17540,9613,18667,32301,18571,12537,38279,64537,36111,22150,18081
18,103,35815,19028,16787,3943,8454,4875,2873,3734,6328,4398,3325,7677,14782,9273,6198,18103
18,109,69922,34624,35298,8160,13418,9592,5204,7831,13421,10045,6167,15991,26839,19637,11371,18109
18,051,33656,16923,16733,4211,6528,4612,2617,3758,6284,4641,3170,7969,12812,9253,5787,18051
18,111,13992,6989,7003,1461,2707,2033,1209,1534,2517,2018,1438,2995,5224,4051,2647,18111
18,117,19545,9805,9740,2360,3562,2874,1651,2146,3442,2780,2046,4506,7004,5654,3697,18117
18,141,270216,131381,138835,32770,55696,31675,18179,31261,57904,33489,23430,64031,113600,65164,41609,18141
18,085,79035,39472,39563,9778,15958,9981,5845,9295,15340,10263,6982,19073,31298,20244,12827,18085
18,099,46461,23189,23272,6142,8843,5925,3607,5637,8524,5875,4421,11779,17367,11800,8028,18099
18,155,10685,5533,5152,1493,1991,1477,938,1193,1919,1406,956,2686,3910,2883,1894,18155
18,163,181291,87633,93658,19982,37298,22418,12588,19364,38256,24046,17178,39346,75554,46464,29766,18163
18,009,12013,5965,6048,1345,2208,1683,1118,1246,2085,1761,1406,2591,4293,3444,2524,18009
18,143,23759,11681,12078,2614,4861,3087,1751,2704,4558,3311,2196,5318,9419,6398,3947,18143
18,105,146461,72846,73615,11891,42069,13553,8098,11221,40310,14899,10365,23112,82379,28452,18463,18105
18,039,204558,101223,103335,28897,41209,22986,12846,27827,40402,23722,16397,56724,81611,46708,29243,18039
18,025,10569,5356,5213,1207,1918,1613,997,1214,1782,1469,1028,2421,3700,3082,2025,18025
18,017,37880,19019,18861,4581,7582,5027,2902,4232,6964,5052,3692,8813,14546,10079,6594,18017
18,097,951869,458696,493173,120415,207814,100158,48981,114905,220171,112766,67825,235320,427985,212924,116806,18097
18,177,66342,32240,34102,7529,12694,8446,5247,7147,12718,9017,7220,14676,25412,17463,12467,18177
19,023,14628,7291,7337,1794,2463,1974,1485,1614,2410,1994,1783,3408,4873,3968,3268,19023
19,071,6946,3455,3491,761,1163,1051,712,751,1107,1061,835,1512,2270,2112,1547,19071
19,079,14997,7376,7621,1700,2705,1992,1331,1733,2626,1993,1693,3433,5331,3985,3024,19079
19,173,6167,3133,3034,790,1072,848,630,645,1039,792,725,1435,2111,1640,1355,19173
19,175,12358,6001,6357,1384,2301,1562,1132,1391,2343,1597,1343,2775,4644,3159,2475,19175
19,195,7445,3755,3690,793,1374,1096,708,768,1308,1016,795,1561,2682,2112,1503,19195
19,159,4964,2418,2546,625,773,669,522,573,773,700,670,1198,1546,1369,1192,19159
19,001,7085,3505,3580,775,1205,1070,690,744,1156,1024,876,1519,2361,2094,1566,19001
19,037,12026,6090,5936,1379,2114,1842,1106,1373,1927,1717,1314,2752,4041,3559,2420,19037
19,039,9360,4588,4772,1200,1683,1246,745,1101,1627,1445,926,2301,3310,2691,1671,19039
19,059,17127,8519,8608,1753,2872,2551,1975,1483,2748,2746,2399,3236,5620,5297,4374,19059
19,103,148577,73612,74965,14945,40389,13655,7652,14874,39419,14494,9158,29819,79808,28149,16810,19103
19,107,10188,5180,5008,1234,1791,1446,1007,1088,1658,1417,1187,2322,3449,2863,2194,19107
19,171,17032,8444,8588,2069,3059,2271,1514,2027,2943,2337,1810,4096,6002,4608,3324,19171
19,179,35141,17401,17740,4049,7153,4293,2736,3938,6751,4627,3364,7987,13904,8920,6100,19179
19,069,10162,5055,5107,1211,1801,1429,956,1132,1736,1416,1153,2343,3537,2845,2109,19069
19,027,20281,10005,10276,2615,3498,2704,1721,2353,3471,2721,2279,4968,6969,5425,4000,19027
19,031,18457,9179,9278,2178,3331,2547,1638,2077,3207,2621,1915,4255,6538,5168,3553,19031
19,067,15786,7757,8029,1790,2821,2101,1538,1772,2642,2312,1890,3562,5463,4413,3428,19067
19,073,8950,4397,4553,1051,1545,1225,858,991,1445,1337,1138,2042,2990,2562,1996,19073
19,115,11178,5728,5450,1382,2239,1503,959,1146,2034,1493,1090,2528,4273,2996,2049,19115
19,119,11776,6012,5764,1782,2182,1414,943,1548,1986,1404,1160,3330,4168,2818,2103,19119
13,291,23288,11350,11938,1982,3336,3718,3534,1821,3275,4033,4034,3803,6611,7751,7568,13291
37,017,33407,16030,17377,3652,5889,4439,3066,3339,6103,5200,3962,6991,11992,9639,7028,37017
37,031,69070,33874,35196,6401,11967,10315,7779,5870,11633,11883,8964,12271,23600,22198,16743,37031
37,015,19380,9689,9691,1675,4115,2722,1773,1719,3173,2923,2471,3394,7288,5645,4244,37015
37,117,22849,10777,12072,2419,3738,3140,2162,2269,4122,3707,2935,4688,7860,6847,5097,37117
37,143,13430,6533,6897,1314,2034,1982,1673,1224,2182,2114,1964,2538,4216,4096,3637,37143
37,157,91077,43801,47276,9425,16528,12557,7904,9231,17030,14080,10209,18656,33558,26637,18113,37157
37,029,10551,5587,4964,1440,2086,1572,865,953,1973,1358,982,2393,4059,2930,1847,37029
37,071,219271,105755,113516,25327,44053,27417,14729,24481,46125,29128,19988,49808,90178,56545,34717,37071
37,125,97294,46871,50423,10617,16961,11825,10297,10150,17241,13647,12881,20767,34202,25472,23178,37125
37,167,61588,30696,30892,6909,12382,8112,5157,6480,11514,8417,6378,13389,23896,16529,11535,37167
37,199,17760,8701,9059,1744,3024,2610,2049,1557,3048,2716,2441,3301,6072,5326,4490,37199
37,037,71338,34010,37328,7146,11867,10259,7616,7443,12184,11118,9513,14589,24051,21377,17129,37037
37,101,196870,96841,100029,25977,40819,22947,11189,24527,41703,24091,14409,50504,82522,47038,25598,37101
37,145,39345,19087,20258,4282,7273,5538,3235,4053,7381,5977,4222,8335,14654,11515,7457,37145
37,009,26863,13207,13656,2530,4663,4006,3025,2326,4523,4407,3609,4856,9186,8413,6634,37009
37,107,56756,27219,29537,6578,10080,7641,4636,6203,10352,8462,6448,12781,20432,16103,11084,37107
37,133,195069,107985,87084,24231,65163,13658,7749,23399,41520,15262,9706,47630,106683,28920,17455,37133
37,161,66599,32365,34234,7271,11814,9334,6238,6523,12395,9940,7845,13794,24209,19274,14083,37161
37,197,37602,18625,18977,4189,7044,5254,3230,3781,6804,5531,4113,7970,13848,10785,7343,37197
37,023,89968,44804,45164,8769,18452,12738,7778,8275,16651,13229,9925,17044,35103,25967,17703,37023
38,097,8008,4085,3923,906,1618,1106,695,875,1402,975,855,1781,3020,2081,1550,38097
38,021,4938,2473,2465,598,919,635,451,558,844,614,557,1156,1763,1249,1008,38021
38,101,68812,35715,33097,8081,18657,6451,3752,8197,14781,6870,4664,16278,33438,13321,8416,38101
38,067,6947,3631,3316,739,1212,1193,773,698,1006,1020,790,1437,2218,2213,1563,38067
38,041,2547,1206,1341,251,358,382,307,267,477,356,312,518,835,738,619,38041
38,017,176975,89658,87317,20287,46218,17351,9200,19328,42479,17384,11351,39615,88697,34735,20551,38017
38,029,3310,1684,1626,306,513,526,459,326,494,433,516,632,1007,959,975,38029
38,077,16254,8507,7747,1855,3547,2244,1335,1632,3026,1997,1470,3487,6573,4241,2805,38077
38,001,2311,1106,1205,240,392,292,225,273,346,353,338,513,738,645,563,38001
38,027,2301,1110,1191,254,365,301,266,241,395,315,307,495,760,616,573,38027
38,057,8462,4326,4136,957,1525,1457,730,954,1357,1219,820,1911,2882,2676,1550,38057
38,073,5314,2633,2681,583,915,769,551,517,937,783,586,1100,1852,1552,1137,38073
38,085,4373,2180,2193,779,882,406,167,793,881,409,176,1572,1763,815,343,38085
38,033,1845,909,936,174,309,333,186,236,297,236,196,410,606,569,382,38033
38,095,2224,1205,1019,261,424,352,244,236,238,326,258,497,662,678,502,38095
38,023,2335,1111,1224,174,367,397,310,287,286,412,310,461,653,809,620,38023
38,081,3872,2059,1813,387,772,630,427,377,595,546,431,764,1367,1176,858,38081
39,105,23078,11549,11529,2600,4246,3301,2045,2382,4197,3292,2404,4982,8443,6593,4449,39105
39,021,38845,19360,19485,4537,7549,5032,3186,4184,7187,5440,3845,8721,14736,10472,7031,39021
39,057,166502,81988,84514,17697,35303,21049,12585,16670,35217,22201,15332,34367,70520,43250,27917,39057
39,087,60184,29384,30800,6898,11538,7613,4862,6324,11694,8752,6214,13222,23232,16365,11076,39087
39,115,14640,7320,7320,1615,2656,2141,1431,1478,2589,2064,1606,3093,5245,4205,3037,39115
39,175,22000,10835,11165,2611,4089,2995,1810,2462,4000,3075,2320,5073,8089,6070,4130,39175
39,043,74780,36673,38107,7882,13279,10628,7369,7416,13576,11026,8561,15298,26855,21654,15930,39043
39,091,45316,22395,22921,5440,8409,6190,3589,5160,8464,6250,4364,10600,16873,12440,7953,39091
39,153,541334,262595,278739,58150,107736,70571,40942,56095,108680,77141,53660,114245,216416,147712,94602,39153
16,059,7847,3987,3860,751,1150,1347,1186,740,1076,1295,1111,1491,2226,2642,2297,16059
16,075,23260,11544,11716,3163,4241,2828,2013,3012,4326,2988,2147,6175,8567,5816,4160,16075
16,009,9138,4620,4518,1058,1468,1406,1041,1006,1417,1439,987,2064,2885,2845,2028,16009
16,017,43611,21751,21860,4396,6952,7180,5248,4317,7003,7361,5113,8713,13955,14541,10361,16017
16,033,913,480,433,133,188,132,86,132,191,90,49,265,379,222,135,16033
16,037,4169,2147,2022,372,621,584,705,300,595,731,663,672,1216,1315,1368,16037
16,039,26743,14059,12684,3447,6624,2939,1736,3264,5229,2962,1744,6711,11853,5901,3480,16039
16,043,13020,6752,6268,1698,2690,1598,1117,1734,2317,1413,1097,3432,5007,3011,2214,16043
16,065,39100,19881,19219,5636,11358,2045,1193,5043,10978,2217,1397,10679,22336,4262,2590,16065
16,079,12609,6298,6311,1295,2217,1897,1360,1257,2001,1990,1456,2552,4218,3887,2816,16079
16,049,16411,8629,7782,1692,2716,2710,2305,1525,2214,2565,2102,3217,4930,5275,4407,16049
16,081,11426,5972,5454,1473,2703,1494,658,1408,2388,1270,586,2881,5091,2764,1244,16081
16,077,7671,3881,3790,1131,1375,917,633,1192,1330,864,570,2323,2705,1781,1203,16077
16,087,10057,4924,5133,1151,1606,1396,1222,1194,1570,1498,1253,2345,3176,2894,2475,16087
17,067,17983,8975,9008,2008,3138,2541,1821,1782,2893,2681,2281,3790,6031,5222,4102,17067
17,119,264776,129045,135731,30000,52477,33923,19049,28145,53816,35730,25430,58145,106293,69653,44479,17119
17,063,50666,25313,25353,6765,10594,5949,3110,6116,10594,5904,3771,12881,21188,11853,6881,17063
17,091,110637,54462,56175,13093,22629,13258,8102,12416,22891,14262,9906,25509,45520,27520,18008,17091
17,131,15589,7792,7797,1717,2783,2263,1548,1647,2667,2219,1736,3364,5450,4482,3284,17131
17,043,929060,456209,472851,108444,191632,116981,61485,104040,189543,127183,77903,212484,381175,244164,139388,17043
17,003,6260,2991,3269,703,959,945,594,754,1051,985,738,1457,2010,1930,1332,17003
17,129,12306,6031,6275,1356,2181,1771,1074,1338,2207,1753,1314,2694,4388,3524,2388,17129
17,099,109737,55245,54492,12089,22046,15137,9009,11624,19736,14906,11260,23713,41782,30043,20269,17099
17,031,5198275,2522949,2675326,582251,1165402,573578,311961,562856,1181418,633251,429209,1145107,2346820,1206829,741170,17031
17,115,105528,50585,54943,12039,19222,13390,8929,11481,20648,14764,11564,23520,39870,28154,20493,17115
17,177,45093,21808,23285,4915,7681,6220,4376,4823,7750,6548,5583,9738,15431,12768,9959,17177
17,191,16402,8110,8292,1867,2934,2199,1596,1856,2821,2225,1897,3723,5755,4424,3493,17191
17,203,38700,19355,19345,4937,7253,5057,3044,4463,7103,4959,3683,9400,14356,10016,6727,17203
17,055,38923,19195,19728,4592,7166,5349,3480,4026,7245,5425,4339,8618,14411,10774,7819,17055
17,109,30479,14845,15634,2708,7374,3266,2277,2515,7435,3540,2957,5223,14809,6806,5234,17109
17,111,307714,153295,154419,37603,61964,41655,19677,35741,60576,42903,23447,73344,122540,84558,43124,17111
20,071,1185,596,589,161,193,160,120,148,187,161,123,309,380,321,243,20071
20,051,28775,14329,14446,3125,6858,3188,1947,3196,6455,3165,2368,6321,13313,6353,4315,20051
20,107,9671,4847,4824,1126,1630,1331,1069,1070,1633,1395,1068,2196,3263,2726,2137,20107
20,175,22349,11410,10939,3579,5206,2086,877,3494,4569,1924,1222,7073,9775,4010,2099,20175
20,091,591506,290098,301408,74290,125153,67553,36645,71302,124808,74524,46524,145592,249961,142077,83169,20091
20,121,33417,16658,16759,4166,6168,4578,2623,4069,5935,4588,3071,8235,12103,9166,5694,20121
20,207,3157,1606,1551,353,534,481,367,333,450,478,404,686,984,959,771,20207
20,135,2876,1472,1404,339,403,505,346,278,417,433,381,617,820,938,727,20135
20,011,14608,7198,7410,1887,2754,1731,1237,1857,2487,1910,1603,3744,5241,3641,2840,20011
20,097,2505,1216,1289,274,422,353,246,314,458,323,288,588,880,676,534,20097
20,177,177852,85977,91875,21490,33667,22109,13732,20836,34726,24169,17568,42326,68393,46278,31300,20177
20,019,3323,1747,1576,435,535,511,404,305,458,484,462,740,993,995,866,20019
20,155,62765,31578,31187,7294,12794,7992,5244,6956,11097,8071,6876,14250,23891,16063,12120,20155
20,043,7684,3921,3763,723,1728,1017,668,741,1488,962,781,1464,3216,1979,1449,20043
20,081,4018,2017,2001,591,785,469,285,561,762,480,285,1152,1547,949,570,20081
20,171,4917,2555,2362,761,989,544,425,553,866,546,466,1314,1855,1090,891,20171
20,013,9626,4737,4889,1173,1674,1333,863,1254,1559,1369,1014,2427,3233,2702,1877,20013
20,147,5340,2631,2709,590,906,775,563,608,870,756,656,1198,1776,1531,1219,20147
20,039,2860,1424,1436,272,447,445,355,271,422,419,430,543,869,864,785,20039
21,079,17445,8506,8939,2060,3103,2394,1370,1846,3242,2762,1751,3906,6345,5156,3121,21079
21,037,92861,45407,47454,9955,19826,11715,6167,9722,19818,12357,7950,19677,39644,24072,14117,21037
21,063,7510,4269,3241,730,2032,1043,685,651,1159,952,740,1381,3191,1995,1425,21063
21,123,14204,7005,7199,1610,2750,2004,1079,1601,2634,2039,1352,3211,5384,4043,2431,21123
21,167,21592,10617,10975,2544,3986,3033,1719,2232,3999,3260,2266,4776,7985,6293,3985,21167
21,207,17778,8648,9130,2052,3145,2395,1613,1969,3191,2595,1898,4021,6336,4990,3511,21207
21,229,12023,5900,6123,1422,2310,1591,930,1380,2199,1717,1221,2802,4509,3308,2151,21229
21,009,43884,21118,22766,5354,8306,5459,3156,5126,8352,6110,4369,10480,16658,11569,7525,21009
21,091,8720,4523,4197,1219,1635,1159,709,982,1609,1073,762,2201,3244,2232,1471,21091
21,093,108527,54044,54483,13638,23536,12884,6471,13050,21990,13979,8381,26688,45526,26863,14852,21093
21,149,9283,4580,4703,1159,1656,1239,814,1044,1648,1349,971,2203,3304,2588,1785,21149
21,197,12304,6033,6271,1461,2507,1499,866,1505,2474,1616,1040,2966,4981,3115,1906,21197
21,033,12702,6249,6453,1566,2279,1659,1139,1269,2287,1728,1514,2835,4566,3387,2653,21033
21,019,47682,23854,23828,5241,9589,6436,3951,4919,8688,6604,5063,10160,18277,13040,9014,21019
21,067,320601,157231,163370,34274,78497,33677,17770,32777,77658,37077,23769,67051,156155,70754,41539,21067
21,115,22634,11121,11513,2601,4378,3103,1871,2490,4403,3237,2136,5091,8781,6340,4007,21115
21,175,13288,7481,5807,1352,3588,1893,1049,1124,2219,1652,1137,2476,5807,3545,2186,21175
21,199,64350,31316,33034,7235,11979,8481,5415,7103,12349,9084,6590,14338,24328,17565,12005,21199
21,001,19222,9540,9682,2009,3980,2458,1672,1740,3909,2740,1899,3749,7889,5198,3571,21001
21,025,12977,6515,6462,1387,2659,1865,980,1255,2582,1987,1157,2642,5241,3852,2137,21025
21,099,18729,9211,9518,2341,3405,2556,1355,2330,3393,2528,1709,4671,6798,5084,3064,21099
21,223,8558,4221,4337,964,1624,1161,675,906,1680,1222,790,1870,3304,2383,1465,21223
21,105,4510,2137,2373,385,853,555,463,480,751,713,634,865,1604,1268,1097,21105
21,143,8271,4359,3912,541,1845,1367,963,610,1082,1390,1246,1151,2927,2757,2209,21143
21,135,13417,6717,6700,1541,2534,1880,1164,1454,2476,1912,1234,2995,5010,3792,2398,21135
21,239,26318,12448,13870,2921,4790,3576,2007,2936,5058,4091,2663,5857,9848,7667,4670,21239
21,131,10283,5045,5238,1075,1987,1431,808,1133,1967,1541,984,2208,3954,2972,1792,21131
21,127,15671,7768,7903,1978,2936,2092,1239,1755,2974,2276,1437,3733,5910,4368,2676,21127
21,145,65268,31322,33946,7466,12096,8298,5282,6985,12480,9263,7369,14451,24576,17561,12651,21145
46,015,5258,2603,2655,714,891,754,420,613,884,821,510,1327,1775,1575,930,46015
46,053,4186,2149,2037,541,691,609,471,443,599,578,553,984,1290,1187,1024,46053
46,099,188674,95110,93564,24444,42655,21635,10729,23273,39621,21864,13295,47717,82276,43499,24024,46099
46,025,3685,1854,1831,497,619,546,341,461,576,504,438,958,1195,1050,779,46025
46,077,4944,2533,2411,572,824,768,545,531,779,692,577,1103,1603,1460,1122,46077
46,027,13957,6833,7124,1254,3872,1271,785,1104,4185,1230,869,2358,8057,2501,1654,46027
46,041,5833,2893,2940,1128,1039,584,250,1029,1120,578,310,2157,2159,1162,560,46041
46,065,17608,8611,8997,2084,3341,2269,1444,2018,3607,2239,1516,4102,6948,4508,2960,46065
46,111,2379,1235,1144,313,439,347,236,259,366,378,237,572,805,725,473,46111
46,059,3256,1643,1613,340,549,501,367,362,479,476,424,702,1028,977,791,46059
46,135,22717,11836,10881,2374,5030,3244,1870,2438,3805,2990,2308,4812,8835,6234,4178,46135
46,005,18346,9313,9033,2506,3550,2301,1410,2448,3034,2265,1714,4954,6584,4566,3124,46005
46,035,19871,9841,10030,2095,4283,2328,1533,2320,3728,2403,2045,4415,8011,4731,3578,46035
46,073,2018,1001,1017,228,289,304,258,196,274,257,340,424,563,561,598,46073
46,117,3017,1619,1398,425,519,461,335,263,519,385,317,688,1038,846,652,46117
46,107,2315,1173,1142,262,348,361,293,237,322,339,351,499,670,700,644,46107
46,023,9349,4705,4644,1464,1582,1161,796,1317,1555,1119,909,2781,3137,2280,1705,46023
46,091,4891,2549,2342,687,856,670,484,607,719,652,531,1294,1575,1322,1015,46091
46,105,2897,1504,1393,339,482,417,337,284,408,405,358,623,890,822,695,46105
21,235,36131,17701,18430,4633,7338,3986,2538,4428,7324,4311,3164,9061,14662,8297,5702,21235
21,071,36456,17813,18643,4168,7124,4733,2819,3706,7157,5472,3559,7874,14281,10205,6378,21071
21,117,165668,81938,83730,20398,35150,20134,10126,19383,34505,21011,12985,39781,69655,41145,23111,21117
21,153,12491,6238,6253,1482,2415,1673,961,1374,2353,1800,1132,2856,4768,3473,2093,21153
21,205,24507,11806,12701,2343,6039,2519,1474,2287,6392,2729,1865,4630,12431,5248,3339,21205
21,217,25571,12527,13044,3011,5224,2994,1892,2762,5118,3242,2560,5773,10342,6236,4452,21217
21,039,4784,2338,2446,581,864,598,428,509,884,620,559,1090,1748,1218,987,21039
21,065,14224,7015,7209,1559,2774,1945,1173,1517,2621,1992,1473,3076,5395,3937,2646,21065
22,079,130970,63380,67590,16806,25642,15114,8883,15834,26292,17154,11921,32640,51934,32268,20804,22079
22,105,132057,63939,68118,16418,27670,14839,8259,16019,29051,16339,10232,32437,56721,31178,18491,22105
22,123,11041,5593,5448,1365,2188,1409,881,1158,2025,1365,1187,2523,4213,2774,2068,22123
22,021,9992,5239,4753,1284,2105,1280,804,1046,1795,1239,1008,2330,3900,2519,1812,22021
22,035,7096,4309,2787,645,2598,812,422,625,1017,726,574,1270,3615,1538,996,22035
22,039,33589,17218,16371,4280,7536,4014,2283,4089,6290,4201,2786,8369,13826,8215,5069,22039
22,087,46266,22625,23641,6268,9755,5227,2377,6142,10426,5256,2736,12410,20181,10483,5113,22087
22,121,26101,12738,13363,2961,5705,3097,1546,3280,5443,3475,1933,6241,11148,6572,3479,22121
22,081,8565,4023,4542,986,1497,1135,663,1119,1547,1267,942,2105,3044,2402,1605,22081
22,069,38769,18562,20207,4830,7981,3891,2749,4442,8785,4730,3475,9272,16766,8621,6224,22069
22,025,9766,5132,4634,1039,2393,1276,731,1088,1689,1147,908,2127,4082,2423,1639,22025
22,041,20238,9891,10347,2683,3794,2464,1495,2473,3742,2630,2078,5156,7536,5094,3573,22041
22,007,22478,10866,11612,2457,4238,3018,1817,2494,4493,3183,2085,4951,8731,6201,3902,22007
22,113,59865,28936,30929,7735,11448,7181,3966,7614,11971,7790,5042,15349,23419,14971,9008,22113
22,029,19778,10049,9729,2387,4432,2237,1426,2322,3460,2591,1914,4709,7892,4828,3340,22029
23,017,57550,28448,29102,5628,9903,9137,5770,5145,10189,9300,6459,10773,20092,18437,12229,23017
23,019,151774,75235,76539,14376,31925,21030,12426,13410,31006,21815,14923,27786,62931,42845,27349,23019
23,001,107602,52573,55029,11904,20871,14505,8314,11545,21495,14896,10289,23449,42366,29401,18603,23001
23,005,292307,141794,150513,28168,60162,39287,22835,26909,60686,43208,29298,55077,120848,82495,52133,23005
23,031,204316,99651,104665,20127,37935,29930,18104,18640,38637,32250,22521,38767,76572,62180,40625,23031
23,025,50520,25021,25499,4911,9049,7906,5007,4826,9061,7904,5438,9737,18110,15810,10445,23025
24,047,51765,25357,26408,4699,8435,7832,6474,4267,8257,8516,7665,8966,16692,16348,14139,24047
24,041,37167,17627,19540,3497,5574,5066,4737,3360,5902,6007,5858,6857,11476,11073,10595,24041
25,001,213496,102086,111410,16605,32878,33277,28122,15972,31777,38399,35459,32577,64655,71676,63581,25001
25,003,126425,61150,65275,11045,22963,18924,12746,10601,23185,20458,15874,21646,46148,39382,28620,25003
25,023,515303,250326,264977,57315,97119,69688,39825,54610,99227,76386,50905,111925,196346,146074,90730,25023
25,021,700437,336802,363635,75618,139920,88798,49255,72510,146941,96867,66713,148128,286861,185665,115968,25021
25,019,11168,5720,5448,1141,2634,1486,784,1170,2284,1454,847,2311,4918,2940,1631,25019
26,005,116143,58027,58116,14478,22424,15594,8664,13811,21771,15799,9978,28289,44195,31393,18642,26005
26,003,9151,5075,4076,710,2086,1563,1142,676,1161,1516,1115,1386,3247,3079,2257,26003
26,127,26416,13381,13035,3088,4795,3843,2574,2981,4372,3782,2808,6069,9167,7625,5382,26127
26,035,30651,15242,15409,3058,5168,4768,3440,3019,5037,4953,3681,6077,10205,9721,7121,26035
26,073,70688,34337,36351,6182,18801,6893,3837,6090,19717,7333,4769,12272,38518,14226,8606,26073
26,157,52939,26626,26313,5794,9809,7806,4862,5166,9359,7907,5644,10960,19168,15713,10506,26157
26,007,28520,14068,14452,2703,4961,4383,2963,2641,4774,4544,3525,5344,9735,8927,6488,26007
26,111,83355,41012,42343,9218,16460,10944,6608,8727,15970,11714,8383,17945,32430,22658,14991,26111
26,135,8248,4199,4049,871,1162,1437,1105,709,1164,1383,1122,1580,2326,2820,2227,26135
26,037,78389,38704,39685,8954,15428,10557,6011,8725,15384,10956,6886,17679,30812,21513,12897,26037
26,057,40916,21928,18988,4222,10250,5254,3180,3930,7358,4888,3857,8152,17608,10142,7037,26057
26,091,98381,49699,48682,10799,20519,13263,8092,10057,18129,14044,9958,20856,38648,27307,18050,26091
26,117,63413,32593,30820,7225,13403,8539,5012,7019,11358,8395,5811,14244,24761,16934,10823,26117
26,147,159247,79166,80081,17384,29972,23553,13291,16200,29409,23746,15745,33584,59381,47299,29036,26147
26,161,367000,181923,185077,35284,93724,39111,22105,33592,91077,42599,27203,68876,184801,81710,49308,26161
26,027,51523,25836,25687,5560,9374,7786,4945,5200,8976,7931,5510,10760,18350,15717,10455,26027
26,143,23851,11883,11968,1872,3174,4373,3780,1785,3115,4545,3837,3657,6289,8918,7617,26143
26,023,43513,22481,21032,5063,8751,6255,3693,4975,7419,5633,4207,10038,16170,11888,7900,26023
26,075,158636,80972,77664,17659,33752,22005,12433,16755,29166,21512,14846,34414,62918,43517,27279,26075
26,099,870325,423761,446564,94701,175653,112748,62166,90221,177107,121653,82224,184922,352760,234401,144390,26099
26,013,8421,4657,3764,774,1992,1302,879,734,1208,1213,948,1508,3200,2515,1827,26013
26,045,109456,53603,55853,11720,21728,14656,8852,11332,21445,16013,10748,23052,43173,30669,19600,26045
13,293,26236,12482,13754,3110,4730,3442,2016,2998,5117,3745,2703,6108,9847,7187,4719,13293
13,303,20436,10465,9971,2233,4534,2702,1531,2148,3504,2894,2086,4381,8038,5596,3617,13303
13,311,29489,14398,15091,2879,5520,3784,2993,2943,5375,4447,3512,5822,10895,8231,6505,13311
13,225,27145,13203,13942,3040,5687,3340,1835,2711,6041,3582,2375,5751,11728,6922,4210,13225
13,223,159825,77953,81872,21636,34895,16953,7256,20894,36277,18874,9423,42530,71172,35827,16679,13223
13,229,19250,9699,9551,2648,3667,2387,1462,2170,3757,2405,1766,4818,7424,4792,3228,13229
13,231,18327,8964,9363,2238,3580,2282,1302,2070,3888,2409,1535,4308,7468,4691,2837,13231
13,245,201852,97611,104241,23742,45229,21190,11382,22933,45170,25481,16018,46675,90399,46671,27400,13245
13,251,13989,6801,7188,1517,2663,1860,1153,1503,2620,2073,1401,3020,5283,3933,2554,13251
13,267,25382,14924,10458,2786,8123,3027,1526,2421,3898,2718,1994,5207,12021,5745,3520,13267
13,019,19152,9384,9768,2335,3719,2474,1557,2313,3675,2606,1807,4648,7394,5080,3364,13019
17,135,28828,15134,13694,2912,6423,4142,2517,2864,4554,3973,3138,5776,10977,8115,5655,17135
17,195,56016,27705,28311,6363,10250,7703,5138,6113,9939,7972,6233,12476,20189,15675,11371,17195
17,001,66085,32276,33809,7602,12156,8264,5855,7319,12389,8537,7331,14921,24545,16801,13186,17001
17,027,37634,19604,18030,4263,8285,5171,2830,3709,6855,5097,3431,7972,15140,10268,6261,17027
17,037,104366,51753,52613,11495,25950,10689,5613,11028,25758,11005,7069,22523,51708,21694,12682,17037
17,047,6455,3218,3237,776,1154,889,594,723,1087,905,756,1499,2241,1794,1350,17047
17,079,9594,4773,4821,1141,1668,1363,860,1085,1655,1365,967,2226,3323,2728,1827,17079
17,081,37985,19500,18485,4256,8159,5001,3192,4186,6689,4944,3882,8442,14848,9945,7074,17081
17,183,77563,38565,38998,9419,14979,9847,6495,9019,13839,10484,8035,18438,28818,20331,14530,17183
17,197,689315,342031,347284,88955,146459,82775,38699,85387,144857,85070,48215,174342,291316,167845,86914,17197
17,199,67102,33474,33628,7552,13639,8645,5547,7130,12794,8863,6958,14682,26433,17508,12505,17199
17,023,15716,7756,7960,1865,2862,2131,1312,1758,2834,2109,1729,3623,5696,4240,3041,17023
17,041,19623,9721,9902,2507,3756,2449,1517,2406,3668,2386,1928,4913,7424,4835,3445,17041
17,049,34137,16958,17179,4133,6732,4570,2534,3961,6241,4619,3317,8094,12973,9189,5851,17049
17,057,35092,18321,16771,3550,7881,4775,3133,3412,5825,4780,3912,6962,13706,9555,7045,17057
17,061,13132,6591,6541,1384,2619,1859,1112,1345,2381,1835,1390,2729,5000,3694,2502,17061
17,065,8176,4072,4104,988,1442,1084,767,824,1422,1054,992,1812,2864,2138,1759,17065
17,069,3939,1968,1971,335,751,600,490,341,710,641,486,676,1461,1241,976,17069
17,073,49267,24536,24731,5709,9145,6570,4567,5308,8788,6857,5439,11017,17933,13427,10006,17073
17,087,12494,6940,5554,1165,3157,1826,1264,1099,1842,1737,1351,2264,4999,3563,2615,17087
17,095,50508,25586,24922,5269,10502,6639,4670,4722,9081,6853,5858,9991,19583,13492,10528,17095
17,105,36040,18429,17611,4063,7336,5080,2979,3699,6187,5039,3839,7762,13523,10119,6818,17105
17,171,5005,2437,2568,541,868,730,443,555,895,707,553,1096,1763,1437,996,17171
17,179,133195,65539,67656,15484,26210,16867,10704,14890,25272,17822,13672,30374,51482,34689,24376,17179
17,187,17146,8169,8977,1772,3380,2114,1417,1984,3549,2205,1769,3756,6929,4319,3186,17187
18,061,39940,19862,20078,4538,7601,5661,3196,4508,7375,5787,3682,9046,14976,11448,6878,18061
18,091,110154,56741,53413,12050,24564,14897,8493,11730,19666,15017,10606,23780,44230,29914,19099,18091
18,169,31389,15334,16055,3300,6043,4151,2758,3207,5916,4345,3643,6507,11959,8496,6401,18169
18,073,33447,16731,16716,4120,6536,4383,2671,3758,6326,4491,3112,7878,12862,8874,5783,18073
18,101,10212,5158,5054,1202,1917,1478,890,1074,1814,1532,1061,2276,3731,3010,1951,18101
18,127,168636,83467,85169,19325,34891,21420,12216,18180,34361,22648,14676,37505,69252,44068,26892,18127
18,137,28391,14040,14351,3471,5384,3597,2244,3277,5331,3823,2681,6748,10715,7420,4925,18137
18,147,20447,10264,10183,2292,3751,2959,1870,2234,3577,2926,2070,4526,7328,5885,3940,18147
18,159,15162,7538,7624,1579,2852,2194,1361,1575,2633,2217,1714,3154,5485,4411,3075,18159
18,167,107459,54561,52898,11528,26070,12527,7174,10517,22615,12826,9979,22045,48685,25353,17153,18167
18,173,62280,30667,31613,7503,11908,8296,4881,7447,11791,8675,5713,14950,23699,16971,10594,18173
18,033,42927,21411,21516,5414,8496,5688,3032,5058,8157,5826,3746,10472,16653,11514,6778,18033
18,087,39193,19811,19382,6603,7546,4130,2460,6241,7020,4152,2799,12844,14566,8282,5259,18087
18,139,16641,8092,8549,1843,3085,2221,1306,1925,3059,2360,1668,3768,6144,4581,2974,18139
18,011,65544,32417,33127,9049,13027,7884,3750,8320,13227,8233,4712,17369,26254,16117,8462,18011
26,053,15061,8019,7042,1244,3062,2538,1837,1109,2235,2256,2015,2353,5297,4794,3852,26053
27,093,23105,11800,11305,2946,4166,3340,2113,2678,3830,3170,2373,5624,7996,6510,4486,27093
27,131,66185,33765,32420,7268,15543,7967,4564,7251,13602,7704,5462,14519,29145,15671,10026,27131
27,125,4015,2041,1974,515,677,580,389,470,669,559,413,985,1346,1139,802,27125
27,027,63446,31334,32112,7950,14707,6237,3689,7558,14836,6530,4505,15508,29543,12767,8194,27027
27,045,20949,10542,10407,2686,3655,2888,1979,2433,3434,2901,2320,5119,7089,5789,4299,27045
27,119,31521,16038,15483,4039,6185,4065,2596,3571,5590,4066,3078,7610,11775,8131,5674,27119
27,143,14892,7581,7311,1823,2835,2081,1214,1704,2570,1966,1478,3527,5405,4047,2692,27143
27,165,10972,5511,5461,1423,1974,1396,1046,1262,1903,1347,1143,2685,3877,2743,2189,27165
27,011,4996,2488,2508,529,799,768,573,504,711,725,708,1033,1510,1493,1281,27011
27,021,29268,14967,14301,3267,4501,4676,3743,2920,4286,4651,3663,6187,8787,9327,7406,27021
27,057,21019,10627,10392,2251,3295,3324,2587,2191,3119,3359,2636,4442,6414,6683,5223,27057
27,091,19852,9952,9900,2307,3383,2908,2073,2022,3187,2820,2482,4329,6570,5728,4555,27091
27,105,21734,11256,10478,3025,4489,2632,1552,2880,3823,2233,1936,5905,8312,4865,3488,27105
27,141,94463,48249,46214,12814,21372,11180,4722,12349,19487,10860,5539,25163,40859,22040,10261,27141
27,019,101949,50618,51331,14057,20521,12780,5259,13451,20807,12649,6369,27508,41328,25429,11628,27019
27,085,35832,17955,17877,4329,7054,4652,2946,3977,6567,4749,3599,8306,13621,9401,6545,27085
27,123,544442,265450,278992,64954,120134,59799,32875,62084,121764,65453,43863,127038,241898,125252,76738,27123
27,169,50725,25126,25599,4651,11919,6085,3844,4510,11814,6080,4487,9161,23733,12165,8331,27169
27,039,20669,10393,10276,2784,4125,2591,1375,2647,3979,2463,1606,5431,8104,5054,2981,27039
27,035,64217,31961,32256,7166,11278,9206,6668,6803,10743,9688,7465,13969,22021,18894,14133,27035
27,171,134438,67939,66499,19563,27730,15602,7600,18258,26928,15436,8761,37821,54658,31038,16361,27171
27,081,5677,2860,2817,682,942,764,624,638,862,702,774,1320,1804,1466,1398,27081
27,095,25865,13001,12864,3235,4843,3499,2136,2996,4633,3416,2535,6231,9476,6915,4671,27095
27,017,35633,18634,16999,4164,7626,5143,2818,3879,6152,4716,3239,8043,13778,9859,6057,27017
27,065,16089,8136,7953,1761,2872,2499,1569,1703,2754,2325,1682,3464,5626,4824,3251,27065
01,115,87989,44013,43976,10495,18195,11039,6490,9546,17499,12049,7827,20041,35694,23088,14317,1115
01,043,82853,40759,42094,9394,16322,10493,6740,9311,15895,10799,8376,18705,32217,21292,15116,1043
01,069,104702,50190,54512,12582,19923,12620,7767,11771,21466,14096,10285,24353,41389,26716,18052,1069
01,125,207305,100006,107299,22254,49461,21027,11507,21364,52153,23616,15166,43618,101614,44643,26673,1125
01,031,51662,25479,26183,6311,10610,6101,3756,5948,10240,6586,4794,12259,20850,12687,8550,1031
01,021,44055,21459,22596,5263,8830,5244,3203,5372,9022,5502,3849,10635,17852,10746,7052,1021
01,037,10757,5462,5295,984,1942,1820,1133,817,1857,1820,1297,1801,3799,3640,2430,1037
01,055,102748,49564,53184,11307,19878,13218,8257,10862,20581,14435,11000,22169,40459,27653,19257,1055
01,075,13885,6783,7102,1594,2416,1867,1293,1456,2447,2076,1690,3050,4863,3943,2983,1075
01,013,19828,9081,10747,2205,3473,2346,1596,2250,3994,2820,2304,4455,7467,5166,3900,1013
01,127,64110,31453,32657,7443,12100,8113,5364,6813,12108,8891,6827,14256,24208,17004,12191,1127
01,063,8324,3846,4478,885,1410,951,749,999,1423,1478,1024,1884,2833,2429,1773,1063
01,011,10248,5571,4677,1091,2691,1339,703,1037,1729,1264,937,2128,4420,2603,1640,1011
01,017,33660,16089,17571,3512,6403,4401,2771,3553,6611,4912,3699,7065,13014,9313,6470,1017
02,100,2518,1297,1221,283,396,487,365,359,362,326,268,642,758,813,633,2100
02,110,32227,16504,15723,3615,7203,4593,1945,3329,6893,4275,2094,6944,14096,8868,4039,2110
02,290,5377,2879,2498,763,1084,787,433,728,931,646,337,1491,2015,1433,770,2290
02,068,2246,1201,1045,151,588,414,132,110,539,357,77,261,1127,771,209,2068
02,105,2139,1142,997,131,443,422,248,191,313,413,191,322,756,835,439,2105
02,275,2502,1357,1145,269,420,446,305,199,395,390,264,468,815,836,569,2275
04,019,1027207,505666,521541,110710,216391,118046,89571,106423,209413,131144,107790,217133,425804,249190,197361,4019
04,007,53546,26507,27039,5470,8107,8083,7392,5262,7839,8657,7807,10732,15946,16740,15199,4007
04,003,125867,63967,61900,13891,25454,15912,13069,13495,21571,17149,14209,27386,47025,33061,27278,4003
04,001,71511,35155,36356,9593,14192,8290,4852,9958,13657,8958,5842,19551,27849,17248,10694,4001
04,027,209468,107841,101627,27104,47056,19729,18426,26124,39149,21683,20274,53228,86205,41412,38700,4027
04,017,109270,54721,54549,15013,20845,12779,8992,14437,19272,14158,10070,29450,40117,26937,19062,4017
05,021,14889,7329,7560,1628,2809,1928,1378,1606,2648,2027,1763,3234,5457,3955,3141,5021
05,043,18417,9023,9394,2194,3918,2068,1358,1872,3990,2363,1769,4066,7908,4431,3127,5043
05,121,17695,8839,8856,2189,3386,2272,1565,1958,3185,2311,1960,4147,6571,4583,3525,5121
05,009,37331,18440,18891,4446,6871,4712,3455,4161,6769,5003,4136,8607,13640,9715,7591,5009
05,079,13455,8612,4843,1138,4929,2017,926,894,1765,1437,1104,2032,6694,3454,2030,5079
05,035,48672,23159,25513,6796,9208,5440,2825,6513,10326,6162,3794,13309,19534,11602,6619,5035
05,045,123624,60393,63231,14796,29291,11884,6529,13941,30148,13435,8529,28737,59439,25319,15058,5045
13,295,69039,34210,34829,8076,13482,8991,5471,7053,13413,9191,7168,15129,26895,18182,12639,13295
13,135,915046,446993,468053,126043,199958,97819,38671,122667,208385,106707,49439,248710,408343,204526,88110,13135
13,013,78991,38740,40251,10548,17212,8343,4223,10197,17285,8982,5522,20745,34497,17325,9745,13013
13,049,13040,7455,5585,1178,3629,1969,920,1358,2119,1404,1020,2536,5748,3373,1940,13049
13,065,6686,3380,3306,1011,1258,818,478,713,1342,857,561,1724,2600,1675,1039,13065
13,015,104919,51825,53094,13132,21672,12964,6417,12513,21942,13365,7946,25645,43614,26329,14363,13015
13,097,143316,68291,75025,19071,29210,15699,7092,18339,33016,17929,9226,37410,62226,33628,16318,13097
13,131,24828,12073,12755,3238,4508,3072,1913,2904,4728,3346,2493,6142,9236,6418,4406,13131
13,141,8515,4816,3699,658,2382,1156,878,526,1174,1309,1026,1184,3556,2465,1904,13141
13,313,104237,51688,52549,13902,22369,11179,6339,13449,21673,11963,7954,27351,44042,23142,14293,13313
13,193,13305,7262,6043,1264,3591,1760,1008,1290,2108,1892,1193,2554,5699,3652,2201,13193
13,285,69919,33401,36518,8727,14101,8005,4215,8533,15140,8879,5903,17260,29241,16884,10118,13285
13,145,34105,17143,16962,3925,6477,4876,2928,3539,6266,4979,3235,7464,12743,9855,6163,13145
13,249,5221,2574,2647,593,1212,487,386,649,1133,535,451,1242,2345,1022,837,13249
13,321,20494,9871,10623,2384,3717,2700,1647,2232,3855,2960,2197,4616,7572,5660,3844,13321
13,093,13736,7433,6303,1190,3444,1958,1202,1243,2178,1793,1440,2433,5622,3751,2642,13093
13,109,10687,5290,5397,1577,1976,1258,764,1247,2123,1300,992,2824,4099,2558,1756,13109
13,307,2610,1272,1338,345,411,405,258,288,455,386,265,633,866,791,523,13307
13,103,60477,29954,30523,8291,12956,6810,3102,7825,12986,7334,3801,16116,25942,14144,6903,13103
13,125,2996,1461,1535,395,542,375,214,288,631,405,280,683,1173,780,494,13125
13,239,2289,1087,1202,207,425,300,245,247,320,383,325,454,745,683,570,13239
13,051,288496,138879,149617,31561,64791,30515,18627,30525,66868,36001,24423,62086,131659,66516,43050,13051
13,167,9691,5505,4186,981,2644,1302,822,886,1487,1239,934,1867,4131,2541,1756,13167
13,173,10380,5028,5352,1226,2280,1118,628,1391,2199,1246,806,2617,4479,2364,1434,13173
13,195,29218,14346,14872,3404,5677,3870,2192,3327,5891,3846,2673,6731,11568,7716,4865,13195
13,205,22244,11535,10709,2555,5270,2713,1485,2560,3897,2737,2094,5115,9167,5450,3579,13205
13,277,40541,19674,20867,5295,8516,4240,2440,4782,8796,4959,3419,10077,17312,9199,5859,13277
13,233,41908,20607,21301,5493,8456,5065,2834,5344,8347,5054,3619,10837,16803,10119,6453,13233
13,263,6321,3051,3270,583,1006,1083,673,505,1055,1148,810,1088,2061,2231,1483,13263
13,273,8737,4166,4571,1011,1629,1069,684,1021,1599,1254,955,2032,3228,2323,1639,13273
13,275,44630,21262,23368,5526,8123,5534,3292,5123,8866,6405,4560,10649,16989,11939,7852,13275
13,319,9010,4273,4737,997,1558,1256,714,1073,1657,1342,974,2070,3215,2598,1688,13319
13,221,14931,7559,7372,1894,2912,1943,1332,1452,2820,2035,1486,3346,5732,3978,2818,13221
13,243,6973,3378,3595,879,1122,885,686,896,1168,852,817,1775,2290,1737,1503,13243
13,299,35593,17921,17672,4249,7663,4340,2513,4146,6498,4500,3501,8395,14161,8840,6014,13299
13,305,29788,14998,14790,3602,6478,3477,2104,3763,5723,3550,2553,7365,12201,7027,4657,13305
13,315,8824,5286,3538,881,2751,1262,641,782,1228,994,827,1663,3979,2256,1468,13315
13,009,45111,22815,22296,4303,10854,5590,3234,4202,10234,5390,3725,8505,21088,10980,6959,13009
13,031,76120,37316,38804,7683,20384,6784,3804,7533,20513,7634,4675,15216,40897,14418,8479,13031
13,061,2951,1427,1524,247,499,427,335,317,427,503,427,564,926,930,762,13061
13,101,3981,1888,2093,305,842,539,322,576,765,521,319,881,1607,1060,641,13101
13,089,749323,354278,395045,88814,166531,77354,36626,86032,182024,93123,52881,174846,348555,170477,89507,13089
13,143,29227,14126,15101,3462,5839,3577,1991,3600,5879,3859,2617,7062,11718,7436,4608,13143
13,163,15618,7522,8096,1859,3030,1919,1166,1832,2908,2303,1640,3691,5938,4222,2806,13163
13,181,7856,3675,4181,609,1339,1157,836,898,1332,1248,990,1507,2671,2405,1826,13181
13,213,39724,19683,20041,5092,8124,5020,2531,4819,8205,4960,3189,9911,16329,9980,5720,13213
13,235,11216,5199,6017,1074,2013,1460,1002,841,2856,1401,1227,1915,4869,2861,2229,13235
13,241,16645,8219,8426,1369,2912,2499,2174,1386,2800,2576,2397,2755,5712,5075,4571,13241
13,281,11617,5464,6153,738,1891,1574,1805,701,2002,1861,2191,1439,3893,3435,3996,13281
13,283,6795,3495,3300,772,1394,878,658,693,1146,841,750,1465,2540,1719,1408,13283
13,155,9320,4904,4416,1103,2100,1225,796,949,1670,1119,945,2052,3770,2344,1741,13155
13,001,18440,9318,9122,2470,3518,2363,1397,2107,3289,2562,1710,4577,6807,4925,3107,13001
39,149,48749,24594,24155,6441,9347,6534,3555,5815,9085,6409,4244,12256,18432,12943,7799,39149
39,171,36816,18267,18549,4167,7171,4885,3007,4192,6571,5121,3792,8359,13742,10006,6799,39171
39,029,103190,52098,51092,10859,20355,15190,9181,10328,17831,15122,11286,21187,38186,30312,20467,39029
39,051,42253,20888,21365,5281,7846,5691,3269,4757,7949,5697,4028,10038,15795,11388,7297,39051
39,053,30088,14826,15262,3577,5729,3877,2432,3344,5564,4148,3134,6921,11293,8025,5566,39053
39,099,229961,112279,117682,23844,44002,31563,20109,22550,42179,34098,26833,46394,86181,65661,46942,39099
39,145,76040,37322,38718,8383,15727,9461,5806,8207,14797,10227,7720,16590,30524,19688,13526,39145
39,117,35043,17570,17473,4194,6629,5152,2696,3941,6505,4976,3113,8135,13134,10128,5809,39117
05,089,16476,7959,8517,1456,2331,2783,2199,1508,2413,2953,2432,2964,4744,5736,4631,5089
05,129,7908,3998,3910,825,1288,1231,1001,767,1273,1185,1000,1592,2561,2416,2001,5129
05,007,265759,131999,133760,36064,58531,27502,15818,34414,57446,28595,19453,70478,115977,56097,35271,5007
05,059,33597,17484,16113,3748,7371,4393,2831,3146,6056,4770,3457,6894,13427,9163,6288,5059
05,087,16211,8034,8177,1855,3001,2196,1433,1961,2850,2283,1628,3816,5851,4479,3061,5087
08,033,1857,1042,815,293,283,252,257,115,264,243,256,408,547,495,513,8033
08,057,1261,648,613,89,209,238,179,96,193,197,178,185,402,435,357,8057
08,083,26031,12874,13157,2964,4417,3666,2652,2727,4417,4072,2953,5691,8834,7738,5605,8083
08,013,322510,162211,160299,31895,80090,38274,20054,30551,74154,39515,24040,62446,154244,77789,44094,8013
08,125,10003,4977,5026,1347,1965,1034,785,1316,1754,1226,1040,2663,3719,2260,1825,8125
08,107,25072,13044,12028,2298,6098,3613,1896,2301,5098,3675,1768,4599,11196,7288,3664,8107
08,019,9495,4778,4717,674,1821,1829,953,831,1692,1682,893,1505,3513,3511,1846,8019
08,101,165982,81738,84244,19266,33168,20475,13636,18363,32436,21853,16562,37629,65604,42328,30198,8101
08,093,17867,9515,8352,1453,3279,3671,1864,1329,2667,3180,1702,2782,5946,6851,3566,8093
08,077,151218,74601,76617,16864,30647,18750,12730,16166,29629,20508,15349,33030,60276,39258,28079,8077
08,041,698974,352903,346071,86686,167161,74882,38986,83190,150247,81775,48125,169876,317408,156657,87111,8041
08,005,644560,318960,325600,78559,146430,72071,36230,75030,142708,77756,45881,153589,289138,149827,82111,8005
10,003,556165,269189,286976,61097,117575,66412,36478,59552,120211,75167,47790,120649,237786,141579,84268,10003
10,001,176699,85199,91500,20686,35638,20468,13027,20075,37127,22760,16390,40761,72765,43228,29417,10001
09,005,182002,90109,91893,17482,32621,28821,17137,16208,31793,29903,20320,33690,64414,58724,37457,9005
12,099,1465027,710241,754786,143746,274705,178694,153095,138029,272649,200095,192949,281775,547354,378789,346044,12099
12,086,2699428,1311459,1387969,281998,597566,308551,179355,271265,588181,346784,251551,553263,1185747,655335,430906,12086
12,037,11811,6734,5077,1013,3039,1865,1339,885,1604,1759,1342,1898,4643,3624,2681,12037
12,047,14326,8403,5923,1515,4122,2043,1118,1217,2038,1812,1313,2732,6160,3855,2431,12047
12,119,125044,62567,62477,4714,13964,19383,34061,4376,8476,23870,36857,9090,22440,43253,70918,12119
12,059,19432,10546,8886,2071,4703,2586,1750,1723,3059,2693,2100,3794,7762,5279,3850,12059
12,071,737468,361232,376236,67478,124976,97463,98818,64074,124794,110124,108351,131552,249770,207587,207169,12071
12,021,371453,182946,188507,33008,60300,47421,55598,31586,57065,53896,61599,64594,117365,101317,117197,12021
12,101,524602,255248,269354,54593,95753,67220,54085,52205,97781,73727,64117,106798,193534,140947,118202,12101
12,055,103437,50361,53076,9032,15325,13024,17043,8740,14861,15213,19366,17772,30186,28237,36409,12055
12,027,36903,20836,16067,3671,9570,4965,3896,3538,5456,4065,4106,7209,15026,9030,8002,12027
12,023,69968,36232,33736,7663,15534,9078,5959,7516,12199,9257,6832,15179,27733,18335,12791,12023
12,107,73252,36255,36997,8103,12506,10100,7992,7607,12301,11019,8642,15710,24807,21119,16634,12107
12,125,15303,9979,5324,1461,4797,2956,1376,1461,1967,1278,914,2922,6764,4234,2290,12125
12,075,40403,19718,20685,4078,6643,5771,4735,3869,6962,6399,4999,7947,13605,12170,9734,12075
12,127,536487,261504,274983,48405,98200,74788,59096,46774,95617,83672,70467,95179,193817,158460,129563,12127
12,079,18460,9866,8594,1881,4377,2471,1739,1581,3063,2484,1977,3462,7440,4955,3716,12079
12,033,313491,155157,158334,33432,69770,36729,22742,32181,64676,41541,29167,65613,134446,78270,51909,12033
12,091,203794,103422,100372,23157,46343,24739,14576,22094,40524,25452,17469,45251,86867,50191,32045,12091
13,187,32402,15737,16665,2927,7340,3918,2494,3004,7396,4291,2965,5931,14736,8209,5459,13187
13,201,5787,2806,2981,724,983,713,533,609,1051,787,719,1333,2034,1500,1252,13201
13,219,38132,18737,19395,5235,7092,4694,2717,4911,7609,4909,2997,10146,14701,9603,5714,13219
13,151,225356,107505,117851,29907,45539,25302,11228,28743,51895,28301,14348,58650,97434,53603,25576,13151
13,183,18692,9457,9235,2690,4431,1882,750,2583,4195,1828,942,5273,8626,3710,1692,13183
13,257,25750,11981,13769,2608,4739,3175,2255,3151,5170,3401,2826,5759,9909,6576,5081,13257
13,161,15036,7347,7689,2063,2905,1587,1030,1947,3125,1867,1244,4010,6030,3454,2274,13161
13,037,6365,3891,2474,618,2079,974,406,505,917,668,552,1123,2996,1642,958,13037
13,021,153200,71915,81285,19158,29829,16973,9506,18456,33468,20106,13730,37614,63297,37079,23236,13021
13,197,8432,4031,4401,835,1389,1243,821,986,1546,1203,921,1821,2935,2446,1742,13197
13,023,12807,6054,6753,1361,2565,1548,963,1365,2904,1513,1298,2726,5469,3061,2261,13023
13,119,22766,11116,11650,2567,4405,2772,1843,2413,4450,2987,2545,4980,8855,5759,4388,13119
13,171,18672,9111,9561,2155,3791,2143,1386,1746,4195,2447,1741,3901,7986,4590,3127,13171
13,107,22533,11047,11486,2775,4701,2596,1505,2853,4375,2820,2040,5628,9076,5416,3545,13107
13,159,13916,6730,7186,1627,2523,1885,1083,1614,2692,1943,1358,3241,5215,3828,2441,13159
13,179,61349,31138,30211,8897,15970,4778,2332,8385,14102,5760,3050,17282,30072,10538,5382,13179
13,253,8321,3949,4372,876,1400,1113,836,838,1479,1278,1064,1714,2879,2391,1900,13253
13,289,8229,4038,4191,818,1443,1270,815,779,1374,1432,987,1597,2817,2702,1802,13289
13,269,8116,3863,4253,826,1472,1129,666,831,1564,1249,915,1657,3036,2378,1581,13269
13,279,26972,12476,14496,3319,5053,2910,1799,3846,5475,3370,2558,7165,10528,6280,4357,13279
39,135,41093,20388,20705,4809,7535,5715,3520,4468,7493,5828,4173,9277,15028,11543,7693,39135
39,003,103175,52045,51130,12308,21670,13084,7809,11623,19141,13116,9938,23931,40811,26200,17747,39003
39,033,41821,20562,21259,4776,7677,5735,3722,4366,7633,5835,4814,9142,15310,11570,8536,39033
39,059,39111,19534,19577,4542,7456,5456,3397,4140,7116,5595,4056,8682,14572,11051,7453,39059
39,107,40884,20670,20214,5455,7678,5384,3246,5068,7094,5307,3828,10523,14772,10691,7074,39107
39,023,134726,65237,69489,15568,24805,17459,11317,14850,25943,18826,14318,30418,50748,36285,25635,39023
39,093,307670,151471,156199,35075,60223,41010,24104,33278,58806,43496,30565,68353,119029,84506,54669,39093
39,113,531670,255887,275783,60425,104935,64650,39686,57571,108429,71856,54038,117996,213364,136506,93724,39113
39,165,229132,115491,113641,29518,47956,28600,14350,27671,44676,29544,17685,57189,92632,58144,32035,39165
39,007,97830,49211,48619,11139,19069,13837,8202,10538,17192,14092,9930,21677,36261,27929,18132,39007
40,071,44402,22077,22325,5735,8525,5380,3672,5357,8023,5555,4698,11092,16548,10935,8370,40071
40,035,14390,7352,7038,1586,3020,1944,1242,1588,2421,1873,1577,3174,5441,3817,2819,40035
40,017,140455,69761,70694,18644,30764,15072,8140,18090,29962,15872,9985,36734,60726,30944,18125,40017
40,077,10348,5260,5088,1178,1941,1365,1117,1060,1929,1396,1070,2238,3870,2761,2187,40077
40,139,20805,11095,9710,3064,5057,2237,1100,2912,4025,2026,1180,5976,9082,4263,2280,40139
40,127,11128,5436,5692,1268,1871,1517,1153,1201,1923,1606,1360,2469,3794,3123,2513,40127
40,069,11064,5452,5612,1322,2056,1401,977,1295,2048,1500,1138,2617,4104,2901,2115,40069
40,007,5377,2703,2674,699,983,688,469,708,917,678,537,1407,1900,1366,1006,40007
40,063,13372,7120,6252,1531,3266,1635,1087,1422,2181,1562,1428,2953,5447,3197,2515,40063
40,031,121762,63105,58657,14666,31563,12472,6730,14214,25743,12929,8180,28880,57306,25401,14910,40031
40,001,22220,11053,11167,3034,4310,2635,1607,2966,4270,2689,1781,6000,8580,5324,3388,40001
40,137,43647,21168,22479,5127,7997,5577,3651,5040,8125,6011,4715,10167,16122,11588,8366,40137
40,019,48319,23642,24677,6272,9491,5641,3344,5887,9416,6240,4585,12159,18907,11881,7929,40019
40,055,5861,3431,2430,611,1736,786,444,580,793,601,581,1191,2529,1387,1025,40055
40,091,19725,9749,9976,2084,3165,2784,2356,1890,3219,3000,2609,3974,6384,5784,4965,40091
40,099,13946,7021,6925,1748,2584,1787,1276,1507,2469,2054,1398,3255,5053,3841,2674,40099
40,115,31454,15456,15998,4094,6040,3582,2519,3755,6037,3986,3143,7849,12077,7568,5662,40115
40,145,78958,39025,39933,9851,15700,9577,5910,9495,15807,10110,6742,19346,31507,19687,12652,40145
40,015,29242,15363,13879,3786,6587,3644,2070,3579,4909,3514,2698,7365,11496,7158,4768,40015
40,101,68736,33515,35221,8585,13695,8048,4922,8241,13849,8692,6375,16826,27544,16740,11297,40101
40,013,46457,22558,23899,5414,9535,5130,3680,5502,9507,5886,4524,10916,19042,11016,8204,40013
41,029,216574,105742,110832,22911,40492,28422,21443,21898,40917,31176,25212,44809,81409,59598,46655,41029
41,023,7189,3671,3518,675,1042,1244,1064,611,1050,1171,1035,1286,2092,2415,2099,41023
41,005,410463,202194,208269,45530,81767,54272,32725,43490,81154,57377,39400,89020,162921,111649,72125,41005
41,057,26389,13237,13152,2601,4581,4041,3097,2432,4143,4273,3463,5033,8724,8314,6560,41057
41,033,86251,42293,43958,8884,14383,12399,10268,8011,14037,13906,11877,16895,28420,26305,22145,41033
41,059,77129,40155,36974,9906,17719,8871,5497,9712,14257,8845,6323,19618,31976,17716,11820,41059
41,009,51375,25820,25555,5693,9929,7366,4563,5309,9435,7693,4831,11002,19364,15059,9394,41009
41,065,26130,13122,13008,3087,5028,3433,2473,2781,4740,3677,2800,5868,9768,7110,5273,41065
13,209,9058,4642,4416,948,2079,1213,677,923,1748,1162,825,1871,3827,2375,1502,13209
13,247,89717,42245,47472,11267,16903,10664,5506,11095,19341,12435,7071,22362,36244,23099,12577,13247
13,309,7928,5012,2916,815,2980,904,532,529,1069,852,585,1344,4049,1756,1117,13309
13,011,18708,9400,9308,2316,3639,2569,1407,2031,3648,2602,1672,4347,7287,5171,3079,13011
13,059,126176,60045,66131,11193,35692,9685,5483,10706,38625,11501,7868,21899,74317,21186,13351,13059
13,127,84470,39757,44713,9408,15279,10407,7314,9302,16678,12389,9298,18710,31957,22796,16612,13127
13,157,67885,33636,34249,8802,14057,8091,4397,8457,13914,8422,5382,17259,27971,16513,9779,13157
13,169,28579,13728,14851,3270,5497,3610,2201,3423,5691,3895,2766,6693,11188,7505,4967,13169
13,215,195739,95539,100200,24900,44315,19833,10292,23589,43316,22905,15153,48489,87631,42738,25445,13215
13,259,6293,4187,2106,427,2811,725,405,342,727,634,532,769,3538,1359,937,13259
13,287,7943,3801,4142,904,1434,1114,636,1030,1451,1011,911,1934,2885,2125,1547,13287
13,003,8239,4179,4060,1172,1788,893,506,1051,1602,1002,611,2223,3390,1895,1117,13003
13,007,3132,1530,1602,340,648,336,293,316,432,547,450,656,1080,883,743,13007
13,043,10812,5339,5473,1419,2029,1325,858,1290,2109,1283,1032,2709,4138,2608,1890,13043
13,045,117183,57024,60159,14348,25925,12488,6788,13664,26922,13285,8862,28012,52847,25773,15650,13045
13,081,22713,10958,11755,2988,3988,2751,1820,2528,4461,3083,2317,5516,8449,5834,4137,13081
13,067,751218,363539,387679,90920,165790,82934,38859,88909,173429,92454,50181,179829,339219,175388,89040,13067
13,083,16197,7913,8284,1627,3323,2112,1341,1463,3387,2323,1727,3090,6710,4435,3068,13083
13,027,15590,7612,7978,1825,2914,2000,1286,1630,2925,2315,1658,3455,5839,4315,2944,13027
13,105,19166,9205,9961,2130,3465,2440,1681,2059,3572,2664,2203,4189,7037,5104,3884,13105
13,165,8793,4094,4699,1095,1466,1291,553,873,1778,1442,1014,1968,3244,2733,1567,13165
13,217,108079,51233,56846,14594,21459,11664,5887,13935,24293,13632,7800,28529,45752,25296,13687,13217
13,071,45486,22504,22982,6224,9412,4881,2994,5687,9082,5560,3943,11911,18494,10441,6937,13071
13,063,283538,132756,150782,40043,59842,26749,10726,39479,69238,33275,14844,79522,129080,60024,25570,13063
13,139,198667,98831,99836,26227,41773,22126,12930,24699,40925,23246,15982,50926,82698,45372,28912,13139
15,009,165979,82633,83346,18756,32872,22821,13650,17662,32528,22995,15445,36418,65400,45816,29095,15009
16,071,4385,2146,2239,609,701,578,397,695,682,575,444,1304,1383,1153,841,16071
16,045,17331,8616,8715,2073,2923,2229,1829,1943,2874,2637,1849,4016,5797,4866,3678,16045
16,003,4097,2112,1985,359,554,789,659,342,528,756,550,701,1082,1545,1209,16003
16,053,23730,11982,11748,3544,4939,2543,1457,3765,4469,2447,1533,7309,9408,4990,2990,16053
16,061,3838,1900,1938,461,538,589,455,407,571,605,492,868,1109,1194,947,16061
16,073,11552,5952,5600,1589,2186,1541,1025,1433,2106,1400,1049,3022,4292,2941,2074,16073
16,021,11845,5921,5924,1448,1983,1768,1263,1345,1977,1837,1256,2793,3960,3605,2519,16021
16,029,6953,3570,3383,1069,1300,860,535,970,1203,803,623,2039,2503,1663,1158,16029
16,005,85765,42727,43038,11553,18680,9109,5498,11036,18345,9620,6319,22589,37025,18729,11817,16005
16,019,114392,57322,57070,18276,23077,11586,6868,17095,22801,11925,8067,35371,45878,23511,14935,16019
16,027,217633,107672,109961,31858,45280,21394,13420,30933,45142,23318,15809,62791,90422,44712,29229,16027
16,057,39505,20254,19251,3763,10944,4065,2503,3618,9841,4062,2646,7381,20785,8127,5149,16057
17,167,196861,94496,102365,22579,37747,25155,14398,21608,39690,27890,19548,44187,77437,53045,33946,17167
17,157,32295,17877,14418,3342,8121,4575,2641,2873,5186,3821,3330,6215,13307,8396,5971,17157
17,141,51025,25310,25715,5907,9614,7163,4236,5653,9464,6920,5040,11560,19078,14083,9276,17141
17,137,34247,17174,17073,3252,7615,4366,2925,3236,6532,4641,3778,6488,14147,9007,6703,17137
17,193,13868,6785,7083,1503,2467,1870,1324,1491,2410,1959,1669,2994,4877,3829,2993,17193
17,071,6809,3356,3453,645,1064,1145,787,613,1084,1084,901,1258,2148,2229,1688,17071
17,113,172578,83872,88706,18896,40828,18147,9704,18455,42538,19557,12245,37351,83366,37704,21949,17113
17,145,21251,11627,9624,2028,5527,2849,1718,2011,3413,2626,2206,4039,8940,5475,3924,17145
17,161,143873,70898,72975,16443,28560,18236,11907,15691,27402,19382,15143,32134,55962,37618,27050,17161
17,185,11546,5666,5880,1326,2026,1610,1049,1240,2077,1547,1287,2566,4103,3157,2336,17185
17,035,10836,5476,5360,1317,2014,1527,961,1164,1917,1492,1133,2481,3931,3019,2094,17035
17,085,21588,10864,10724,2206,3432,3361,2809,1920,3251,3414,3064,4126,6683,6775,5873,17085
17,101,16033,8687,7346,1467,4254,2143,1292,1427,2576,2000,1713,2894,6830,4143,3005,17101
17,123,11679,5788,5891,1239,2045,1700,1185,1156,1935,1733,1476,2395,3980,3433,2661,17123
17,021,32931,16644,16287,3432,6714,4622,2767,3314,5845,4615,3607,6746,12559,9237,6374,17021
17,077,57977,28661,29316,5186,15060,5949,3746,5460,14135,6312,4851,10646,29195,12261,8597,17077
17,143,182770,88617,94153,22273,36724,21423,13043,21212,37858,23168,17026,43485,74582,44591,30069,17143
17,147,16401,8076,8325,1864,2980,2278,1445,1832,2942,2307,1689,3696,5922,4585,3134,17147
17,175,5447,2691,2756,569,966,780,542,605,901,768,650,1174,1867,1548,1192,17175
17,005,16589,8582,8007,1656,3764,2216,1338,1505,3047,2199,1693,3161,6811,4415,3031,17005
17,015,14466,7178,7288,1372,2495,2195,1711,1433,2281,2224,1887,2805,4776,4419,3598,17015
17,083,21937,10720,11217,2391,4074,2962,1897,2166,4269,3194,2288,4557,8343,6156,4185,17083
24,027,318855,155961,162894,39972,64906,38831,19233,37975,67591,41400,23522,77947,132497,80231,42755,24027
24,033,908670,437440,471230,103426,202056,102379,48606,99611,205643,122434,68216,203037,407699,224813,116822,24033
24,003,571275,282621,288654,64896,124693,69179,36615,62833,119658,75168,45666,127729,244351,144347,82281,24003
24,005,828018,392496,435522,91192,163756,98930,58367,87732,176985,115678,80889,178924,340741,214608,139256,24005
24,021,251422,123912,127510,30009,52066,31932,15746,28735,51976,33174,19722,58744,104042,65106,35468,24021
24,009,91511,45538,45973,11004,17702,13053,6121,10318,17714,13165,7131,21322,35416,26218,13252,24009
24,023,29235,14478,14757,2848,5316,4333,2986,2653,5227,4528,3450,5501,10543,8861,6436,24023
24,029,19536,9294,10242,1543,3492,2644,2329,1539,3584,3029,2791,3082,7076,5673,5120,24029
24,031,1043530,504128,539402,124389,212043,124564,67793,119193,220450,137875,89032,243582,432493,262439,156825,24031
02,050,18134,9477,8657,3307,3986,1848,639,3087,3672,1433,662,6394,7658,3281,1301,2050
02,185,9792,5985,3807,1356,2738,1696,386,1207,1595,827,285,2563,4333,2523,671,2185
02,220,8640,4444,4196,1047,1824,1156,628,830,1776,1161,682,1877,3600,2317,1310,2220
02,090,99072,53417,45655,12216,27835,10855,4943,11727,21257,10068,4756,23943,49092,20923,9699,2090
02,130,13800,7083,6717,1541,2906,2039,1011,1492,2690,1860,1039,3033,5596,3899,2050,2130
02,170,105369,54838,50531,14678,23445,13274,6009,13718,20908,12371,5930,28396,44353,25645,11939,2170
02,180,9988,5262,4726,1785,2219,1056,351,1649,1981,867,351,3434,4200,1923,702,2180
02,070,4961,2542,2419,744,1066,532,290,800,994,490,209,1544,2060,1022,499,2070
02,282,649,356,293,64,168,94,54,86,114,64,40,150,282,158,94,2282
02,164,1393,749,644,143,388,192,48,180,277,136,61,323,665,328,109,2164
02,240,6878,3770,3108,929,1508,1048,527,935,1177,762,411,1864,2685,1810,938,2240
02,020,293531,149670,143861,36950,71321,32987,14510,34926,65498,32848,16363,71876,136819,65835,30873,2020
02,013,3385,2033,1352,267,1101,567,153,217,566,480,165,484,1667,1047,318,2013
02,261,9243,4845,4398,1102,1960,1536,611,1054,1825,1281,523,2156,3785,2817,1134,2261
02,122,58464,30480,27984,6793,11872,9000,5038,6454,10476,8287,4593,13247,22348,17287,9631,2122
02,230,1107,606,501,65,329,179,67,94,217,152,63,159,546,331,130,2230
02,198,6407,3478,2929,788,1234,1150,586,713,1072,900,441,1501,2306,2050,1027,2198
02,195,3257,1723,1534,341,694,471,360,308,570,430,357,649,1264,901,717,2195
02,158,8250,4463,3787,1753,1805,812,203,1577,1489,552,251,3330,3294,1364,454,2158
04,013,4328810,2140563,2188247,533814,948439,464654,289269,512247,929445,505442,352545,1046061,1877884,970096,641814,4013
04,009,37996,20325,17671,5222,9693,3718,2438,5061,7029,3672,2764,10283,16722,7390,5202,4009
04,023,46480,22271,24209,6273,8390,5251,3688,6437,8898,5742,4349,12710,17288,10993,8037,4023
04,012,20793,10708,10085,1870,2919,2535,4190,1525,2822,2838,3835,3395,5741,5373,8025,4012
04,015,207695,104944,102751,18587,33455,31798,30586,17779,30132,34288,30797,36366,63587,66086,61383,4015
04,005,141274,69789,71485,15228,34828,14698,8112,14076,36019,15660,8871,29304,70847,30358,16983,4005
04,025,228067,111450,116617,19339,34274,34768,33356,18390,32870,40933,36502,37729,67144,75701,69858,4025
04,011,9522,4984,4538,1447,2163,935,547,1181,1924,933,631,2628,4087,1868,1178,4011
04,021,432793,225618,207175,50620,97116,49636,41454,48768,75780,53173,44520,99388,172896,102809,85974,4021
05,099,8351,4237,4114,1110,1485,1087,771,790,1535,1207,922,1900,3020,2294,1693,5099
05,037,16824,8094,8730,1991,3123,2079,1346,1988,3262,2358,1738,3979,6385,4437,3084,5037
05,039,7279,3589,3690,835,1264,1090,696,729,1224,1107,921,1564,2488,2197,1617,5039
05,027,23776,11407,12369,2625,4981,2493,1739,2386,5494,2637,2326,5011,10475,5130,4065,5027
05,125,119415,58571,60844,14330,23588,14269,9608,13676,24198,15318,11305,28006,47786,29587,20913,5125
05,141,16642,8214,8428,1698,2739,2432,1975,1602,2599,2533,2293,3300,5338,4965,4268,5141
05,065,13570,7067,6503,1171,2719,2063,1607,1247,1973,2021,1783,2418,4692,4084,3390,5065
05,063,37427,18350,19077,4561,7339,4693,2805,4432,7199,4903,3648,8993,14538,9596,6453,5063
05,083,21668,10677,10991,2389,4050,2942,2015,2353,3927,3139,2269,4742,7977,6081,4284,5083
05,053,18126,8893,9233,2020,3502,2357,1507,2051,3470,2459,1721,4071,6972,4816,3228,5053
05,047,17738,8735,9003,2111,3344,2241,1512,2113,3172,2448,1885,4224,6516,4689,3397,5047
05,109,10756,5312,5444,1122,2092,1396,998,1217,1923,1498,1171,2339,4015,2894,2169,5109
05,069,69282,34282,35000,7887,14610,8411,5034,7405,13683,9406,6591,15292,28293,17817,11625,5069
05,097,8950,4478,4472,850,1431,1474,1153,796,1369,1378,1250,1646,2800,2852,2403,5097
05,127,10376,5313,5063,1488,1768,1411,1009,1153,1767,1371,1141,2641,3535,2782,2150,5127
05,131,127591,62343,65248,15582,25982,15283,8633,15228,26187,15972,11261,30810,52169,31255,19894,5131
05,033,62739,30903,31836,7850,12234,7641,4654,7622,12241,8056,5622,15472,24475,15697,10276,5033
05,017,10615,5239,5376,1157,2085,1390,868,1207,1746,1500,1252,2364,3831,2890,2120,5017
05,071,26372,12966,13406,3193,5196,3189,1961,3183,5203,3369,2324,6376,10399,6558,4285,5071
05,077,9194,5220,3974,862,2713,1150,757,813,1296,1224,972,1675,4009,2374,1729,5077
19,125,33172,16498,16674,3936,6612,4242,2571,3808,6384,4286,3234,7744,12996,8528,5805,19125
19,183,22100,10964,11136,2842,4036,2775,1846,2624,3983,2836,2295,5466,8019,5611,4141,19183
19,197,12739,6434,6305,1595,2162,1770,1258,1462,2032,1692,1548,3057,4194,3462,2806,19197
19,029,13091,6457,6634,1513,2289,1796,1273,1393,2106,1922,1681,2906,4395,3718,2954,19029
19,035,11343,5720,5623,1271,1911,1690,1214,1166,1701,1707,1452,2437,3612,3397,2666,19035
19,047,17034,8491,8543,2021,3395,2170,1316,2207,2969,2218,1584,4228,6364,4388,2900,19047
19,057,39386,19149,20237,4504,6986,5375,3510,4425,7253,5390,4471,8929,14239,10765,7981,19057
19,065,19803,9956,9847,2153,3697,2842,1857,1996,3393,2804,2302,4149,7090,5646,4159,19065
19,085,14089,7030,7059,1645,2553,2041,1242,1593,2378,2005,1494,3238,4931,4046,2736,19085
19,109,14978,7508,7470,1691,2485,2189,1571,1602,2380,2106,1885,3293,4865,4295,3456,19109
19,129,15034,7516,7518,1813,2743,2118,1291,1784,2626,2180,1420,3597,5369,4298,2711,19129
19,133,8730,4181,4549,884,1438,1232,922,902,1507,1210,1203,1786,2945,2442,2125,19133
19,139,42889,21323,21566,5360,8496,5338,3104,5340,8381,5256,3804,10700,16877,10594,6908,19139
19,143,6052,3059,2993,772,1048,837,568,644,951,884,701,1416,1999,1721,1269,19143
19,153,479612,236343,243269,61184,106447,52112,26534,58644,105656,56091,34688,119828,212103,108203,61222,19153
19,187,36545,18874,17671,3968,8167,4875,2909,3800,6339,5051,3678,7768,14506,9926,6587,19187
19,169,96941,50622,46319,8248,30744,8518,5143,7856,25519,8528,6294,16104,56263,17046,11437,19169
19,193,102586,50762,51824,13619,21164,11897,6565,13226,20658,12173,8506,26845,41822,24070,15071,19193
19,013,132393,65087,67306,14672,29549,14705,9403,14013,29492,15403,11735,28685,59041,30108,21138,19013
19,075,12299,6087,6212,1453,2226,1628,1118,1382,2127,1674,1401,2835,4353,3302,2519,19075
19,105,20559,10633,9926,2212,4121,2972,1914,2179,3391,2712,2230,4391,7512,5684,4144,19105
19,131,10608,5233,5375,1285,1800,1414,991,1199,1735,1352,1315,2484,3535,2766,2306,19131
19,137,10053,4850,5203,1146,1694,1476,915,1155,1732,1452,1185,2301,3426,2928,2100,19137
19,161,9802,4840,4962,1110,1627,1429,1003,1078,1500,1433,1267,2188,3127,2862,2270,19161
19,149,25068,12296,12772,3188,4483,3366,2033,3070,4465,3426,2498,6258,8948,6792,4531,19149
19,019,21118,10432,10686,2829,3806,2612,1732,2820,3687,2698,2037,5649,7493,5310,3769,19019
19,045,46909,22958,23951,5371,8371,6456,4118,5318,8497,6484,4939,10689,16868,12940,9057,19045
19,053,7979,4009,3970,876,1708,955,722,859,1534,927,845,1735,3242,1882,1567,19053
19,101,18148,8889,9259,1389,3782,2760,1793,1478,3787,2666,2122,2867,7569,5426,3915,19101
19,005,13813,6975,6838,1623,2385,2082,1457,1571,2132,2028,1619,3194,4517,4110,3076,19005
19,113,223861,110379,113482,26923,47155,26288,15259,25687,46787,27557,19512,52610,93942,53845,34771,19113
19,049,87099,42984,44115,12385,19278,8512,4518,11951,19352,8888,5839,24336,38630,17400,10357,19049
19,141,13835,6845,6990,1616,2516,1907,1229,1663,2283,1830,1607,3279,4799,3737,2836,19141
20,187,2052,1010,1042,321,368,215,143,293,369,192,208,614,737,407,351,20187
20,119,4180,2090,2090,542,828,524,327,509,787,493,397,1051,1615,1017,724,20119
20,125,32521,16205,16316,4093,6089,4287,2714,3627,5784,4341,3544,7720,11873,8628,6258,20125
20,151,9452,4724,4728,1278,1744,1204,787,1133,1636,1233,998,2411,3380,2437,1785,20151
20,153,2502,1277,1225,270,413,395,306,243,350,362,366,513,763,757,672,20153
20,003,7835,3891,3944,1061,1279,1039,764,976,1305,1046,893,2037,2584,2085,1657,20003
20,053,6231,3536,2695,619,1627,860,610,528,860,814,674,1147,2487,1674,1284,20053
20,061,34025,18172,15853,5529,9924,1937,1181,4979,7712,2108,1586,10508,17636,4045,2767,20061
20,057,34179,17756,16423,5323,7738,3769,1660,5022,6669,3306,1958,10345,14407,7075,3618,20057
20,167,6948,3451,3497,751,1150,1015,747,696,1047,1024,890,1447,2197,2039,1637,20167
20,117,9749,4887,4862,1192,1641,1345,975,1148,1530,1378,1106,2340,3171,2723,2081,20117
20,001,12556,6217,6339,1519,2352,1615,1098,1316,2242,1756,1443,2835,4594,3371,2541,20001
20,023,2665,1326,1339,306,435,357,313,262,406,387,392,568,841,744,705,20023
20,035,35351,17848,17503,4422,7201,4317,2875,3984,6576,4417,3524,8406,13777,8734,6399,20035
20,049,2523,1233,1290,266,319,387,338,279,325,393,392,545,644,780,730,20049
20,059,25558,12546,13012,3085,4828,3488,1913,3085,4895,3551,2292,6170,9723,7039,4205,20059
20,083,1876,956,920,207,301,312,191,200,272,294,222,407,573,606,413,20083
20,089,2885,1473,1412,287,439,423,412,268,363,422,443,555,802,845,855,20089
20,159,9658,4853,4805,1094,2002,1256,789,1117,1711,1245,1011,2211,3713,2501,1800,20159
20,185,4181,2126,2055,528,712,621,402,443,679,571,479,971,1391,1192,881,20185
20,139,15881,7953,7928,1947,2639,2365,1500,1758,2746,2337,1605,3705,5385,4702,3105,20139
20,031,8254,4204,4050,941,1502,1231,827,837,1425,1178,890,1778,2927,2409,1717,20031
20,037,38968,19495,19473,4452,9209,4162,2551,4074,8708,4183,3369,8526,17917,8345,5920,20037
20,073,6081,3065,3016,674,965,910,712,626,903,933,791,1300,1868,1843,1503,20073
24,013,167699,82963,84736,18827,32561,23822,12201,17852,31846,24592,15233,36679,64407,48414,27434,24013
24,035,49632,24634,24998,5519,8933,7417,4277,5248,8933,7580,4842,10767,17866,14997,9119,24035
24,037,112290,56147,56143,13833,24076,13925,6581,13512,23783,13657,7510,27345,47859,27582,14091,24037
24,017,159428,76779,82649,19538,32566,19395,8436,18935,35103,21690,10976,38473,67669,41085,19412,24017
24,019,32138,15177,16961,3449,5308,4333,2994,3360,6025,4948,3743,6809,11333,9281,6737,24019
24,043,150109,76330,73779,16807,32873,19361,11121,16138,27929,19863,14118,32945,60802,39224,25239,24043
24,045,102539,48681,53858,11404,21243,11661,6885,11101,23423,13216,8962,22505,44666,24877,15847,24045
24,015,102552,51022,51530,12146,20194,14083,7355,11186,20255,14725,8284,23332,40449,28808,15639,24015
24,011,33049,16170,16879,3941,6405,4253,2366,3900,6379,4580,2933,7841,12784,8833,5299,24011
25,025,796605,384878,411727,67686,216942,74220,39323,65949,225181,82855,54389,133635,442123,157075,93712,25025
25,007,17312,8535,8777,1605,3069,2558,1887,1602,2934,2784,2146,3207,6003,5342,4033,25007
25,017,1600842,783073,817769,162897,361359,191853,103690,156582,360708,206289,136225,319479,722067,398142,239915,25017
25,005,561037,271591,289446,59397,114065,71949,39919,57204,116987,77456,53379,116601,231052,149405,93298,25005
25,013,467871,225964,241907,52182,94998,57266,32976,49560,98572,62889,44037,101742,193570,120155,77013,25013
25,009,783676,377772,405904,86149,154849,101411,56001,81946,160270,111776,74886,168095,315119,213187,130887,25009
25,011,70577,34374,36203,6346,13040,10903,6745,6017,13042,11719,8175,12363,26082,22622,14920,25011
25,027,824772,406642,418130,90086,172731,107898,55623,85554,171596,112148,70405,175640,344327,220046,126028,25027
25,015,161032,75294,85738,12295,36535,19168,11868,11616,42454,21934,14885,23911,78989,41102,26753,25015
26,033,37629,20498,17131,3514,9561,5372,3202,3367,6748,4665,3449,6881,16309,10037,6651,26033
26,115,149727,73880,75847,16454,28719,21131,11821,15900,28270,21804,14383,32354,56989,42935,26204,26115
26,125,1253185,612894,640291,135961,256765,162908,89655,130062,254428,177066,115397,266023,511193,339974,205052,26125
26,059,45757,22841,22916,5138,8571,6541,4043,4907,8352,6313,4676,10045,16923,12854,8719,26059
26,121,173297,86161,87136,20518,35163,22537,12706,19798,33131,23511,15835,40316,68294,46048,28541,26121
26,089,21652,10727,10925,1853,3183,3665,3146,1683,3066,3885,3356,3536,6249,7550,6502,26089
26,087,88038,44834,43204,9509,17047,13643,7339,8904,15516,13473,8150,18413,32563,27116,15489,26087
26,151,41295,20509,20786,4505,7210,6245,4032,4437,6955,6242,4646,8942,14165,12487,8678,26151
26,083,2111,1089,1022,147,283,419,400,165,254,391,341,312,537,810,741,26083
26,131,5877,3012,2865,374,707,1213,1078,352,665,1128,1005,726,1372,2341,2083,26131
26,139,286558,141600,144958,35630,61427,32329,18953,33650,62044,33732,22940,69280,123471,66061,41893,26139
26,001,10353,5235,5118,693,1272,1914,1855,650,1216,1881,1856,1343,2488,3795,3711,26001
26,067,64300,34266,30034,7604,15474,8594,4321,7229,11539,7975,5002,14833,27013,16569,9323,26067
26,079,17585,8943,8642,1896,3282,2701,1719,1789,3046,2664,1757,3685,6328,5365,3476,26079
26,021,154133,75425,78708,17266,28941,20580,13197,16563,28731,22067,16547,33829,57672,42647,29744,26021
26,129,20898,10528,10370,2036,3290,3463,2577,1830,3222,3404,2698,3866,6512,6867,5275,26129
26,165,33256,16599,16657,3909,6148,4684,2966,3850,5856,4730,3231,7759,12004,9414,6197,26165
26,039,13892,7065,6827,1296,2200,2493,1714,1215,2088,2247,1747,2511,4288,4740,3461,26039
26,043,25439,12759,12680,2580,4507,3889,2588,2469,4154,3951,3003,5049,8661,7840,5591,26043
26,063,31349,15550,15799,3055,5147,4982,3564,3009,4822,4960,4185,6064,9969,9942,7749,26063
26,065,290587,141572,149015,29521,72114,29765,16617,28372,73156,32973,21494,57893,145270,62738,38111,26065
26,105,28954,14333,14621,2997,4913,4486,3132,2933,4735,4590,3549,5930,9648,9076,6681,26105
26,109,23074,11700,11374,2230,3943,3840,2599,2028,3664,3768,2857,4258,7607,7608,5456,26109
26,113,15028,7648,7380,1802,2662,2194,1496,1678,2490,2138,1561,3480,5152,4332,3057,26113
26,149,60836,30353,30483,7718,11664,7878,4769,7288,11043,8384,5798,15006,22707,16262,10567,26149
26,159,75358,37494,37864,9123,13990,10449,6218,8607,13790,10807,7040,17730,27780,21256,13258,26159
26,011,15070,7635,7435,1396,2503,2620,1789,1325,2308,2547,1873,2721,4811,5167,3662,26011
26,015,60540,30464,30076,6926,11272,9276,5135,6545,10927,8522,5782,13471,22199,17798,10917,26015
26,071,11152,5543,5609,890,1615,1961,1598,898,1508,1933,1746,1788,3123,3894,3344,26071
26,019,17615,8750,8865,1707,2772,2817,2180,1543,2734,2992,2365,3250,5506,5809,4545,26019
26,153,8048,3930,4118,673,1204,1439,1032,716,1235,1461,1100,1389,2439,2900,2132,26153
26,163,1757299,846179,911120,213030,352705,209774,111749,204693,371184,231657,152738,417723,723889,441431,264487,26163
26,055,92181,45476,46705,9678,17927,13020,7913,9085,17271,13640,9777,18763,35198,26660,17690,26055
26,097,10780,5494,5286,864,1791,1921,1445,826,1579,1881,1503,1690,3370,3802,2948,26097
26,049,407875,196695,211180,47441,77759,52255,30258,45347,81635,57641,39079,92788,159394,109896,69337,26049
20,099,20119,9902,10217,2441,3748,2647,1623,2345,3475,2968,2094,4786,7223,5615,3717,20099
20,173,513375,253563,259812,67602,106986,58459,32221,65325,106142,61539,39833,132927,213128,119998,72054,20173
20,157,4658,2244,2414,489,663,762,562,481,652,716,715,970,1315,1478,1277,20157
20,065,2519,1261,1258,280,373,397,318,234,358,410,350,514,731,807,668,20065
20,045,120290,59669,60621,11197,33664,10738,6393,11026,32488,11913,7812,22223,66152,22651,14205,20045
20,179,2506,1286,1220,318,402,394,278,276,370,336,311,594,772,730,589,20179
20,069,6039,3031,3008,905,1101,733,427,868,1145,674,468,1773,2246,1407,895,20069
46,121,10195,4957,5238,2139,1911,699,314,2122,2023,857,443,4261,3934,1556,757,46121
46,102,14335,7024,7311,2690,3021,1156,327,2635,3061,1186,648,5325,6082,2342,975,46102
53,039,21721,10928,10793,2137,3861,3227,2571,2091,3603,3562,2555,4228,7464,6789,5126,53039
53,027,72779,37317,35462,7635,14257,10846,7344,7301,12222,10707,7955,14936,26479,21553,15299,53027
53,069,4268,2017,2251,301,577,648,706,400,574,823,704,701,1151,1471,1410,53069
53,025,95502,48538,46964,14305,20033,10071,6191,13958,18611,9868,6691,28263,38644,19939,12882,53025
53,061,798808,400594,398214,93227,179031,98871,46709,88446,169916,102788,57936,181673,348947,201659,104645,53061
54,089,12848,5916,6932,1100,2028,1981,1450,1057,2532,2210,1665,2157,4560,4191,3115,54089
54,025,35155,17088,18067,3430,6232,4970,3607,3482,6272,5408,4344,6912,12504,10378,7951,54025
54,057,27167,13617,13550,2937,5291,3641,2669,2533,4891,4078,3111,5470,10182,7719,5780,54057
54,041,16166,8120,8046,1761,3110,2299,1507,1667,2875,2221,1762,3428,5985,4520,3269,54041
54,075,8450,4336,4114,734,1533,1419,1021,728,1327,1302,1078,1462,2860,2721,2099,54075
54,083,28930,14844,14086,2798,6018,4117,2857,2742,5080,3994,3256,5540,11098,8111,6113,54083
54,105,5798,2936,2862,643,998,879,591,593,1022,893,546,1236,2020,1772,1137,54105
54,015,8709,4338,4371,987,1519,1306,851,975,1525,1272,897,1962,3044,2578,1748,54015
54,061,105474,54477,50997,9006,31363,10702,5805,8280,27340,10672,7022,17286,58703,21374,12827,54061
54,103,15436,7469,7967,1534,2702,2248,1595,1652,2704,2192,1920,3186,5406,4440,3515,54103
54,039,183279,88317,94962,18546,34856,24873,15907,18326,35010,27647,20702,36872,69866,52520,36609,54039
54,077,33683,17286,16397,3350,7177,4858,3060,3160,6213,4736,3499,6510,13390,9594,6559,54077
54,085,9844,4884,4960,997,1644,1507,1052,957,1719,1425,1201,1954,3363,2932,2253,54085
54,043,20850,10366,10484,2425,3863,2962,1846,2267,3861,3036,2044,4692,7724,5998,3890,54043
54,007,14190,7162,7028,1427,2607,1985,1541,1370,2456,2054,1643,2797,5063,4039,3184,54007
54,005,22368,11124,11244,2455,4185,3308,1972,2360,4113,3270,2303,4815,8298,6578,4275,54005
54,109,21281,10477,10804,2301,3858,3168,2016,2127,3847,3481,2407,4428,7705,6649,4423,54109
55,033,44759,22476,22283,4606,10697,5183,3107,4256,10247,5164,3718,8862,20944,10347,6825,55033
55,043,51733,26853,24880,5481,12580,6221,3867,5192,9979,6155,4864,10673,22559,12376,8731,55043
55,117,115178,57965,57213,13118,22991,16103,9125,12585,20946,16156,10993,25703,43937,32259,20118,55117
55,078,4558,2297,2261,844,755,546,249,646,820,583,342,1490,1575,1129,591,55078
55,011,13126,6683,6443,1329,2288,2124,1420,1352,2149,1913,1420,2681,4437,4037,2840,55011
55,063,117894,57478,60416,11994,26500,13495,8374,11457,27216,14630,10304,23451,53716,28125,18678,55063
55,073,135396,68016,67380,15985,26623,18622,10685,15128,25289,18253,12484,31113,51912,36875,23169,55073
55,121,29499,14983,14516,3783,5474,4073,2493,3566,5224,3770,2742,7349,10698,7843,5235,55121
55,027,87715,45623,42092,8982,19079,12990,6846,9140,15048,12172,8259,18122,34127,25162,15105,55027
55,125,21751,11037,10714,1905,3061,3820,3240,1679,2793,3853,3404,3584,5854,7673,6644,55125
55,071,79185,39500,39685,8448,14441,12055,7110,7975,13693,11952,8611,16423,28134,24007,15721,55071
55,013,15289,7857,7432,1489,2197,2769,2151,1226,2124,2653,2135,2715,4321,5422,4286,55013
55,029,27472,13489,13983,2251,4222,4739,3693,2187,4038,4959,4268,4438,8260,9698,7961,55029
55,039,102597,50579,52018,11030,20092,14166,8225,10919,19673,14379,10140,21949,39765,28545,18365,55039
55,091,7265,3690,3575,795,1237,1150,780,724,1183,1093,813,1519,2420,2243,1593,55091
55,103,17459,8766,8693,1948,3044,2623,1825,1836,2846,2605,2019,3784,5890,5228,3844,55103
55,137,24193,12742,11451,2249,4441,4230,2833,2230,3417,3763,2922,4479,7858,7993,5755,55137
55,065,16715,8468,8247,2087,3024,2371,1467,1990,2850,2304,1572,4077,5874,4675,3039,55065
55,093,41977,20790,21187,4530,9005,5292,2927,4225,9688,5249,3057,8755,18693,10541,5984,55093
55,015,49928,25024,24904,6133,9827,6938,3346,5980,9535,6806,3812,12113,19362,13744,7158,55015
55,059,168524,83347,85177,19950,35450,21288,10280,19193,35102,21984,12703,39143,70552,43272,22983,55059
56,019,8487,4435,4052,1002,1635,1202,975,871,1273,1218,968,1873,2908,2420,1943,56019
20,199,1574,768,806,195,238,235,152,214,240,210,197,409,478,445,349,20199
20,017,2637,1354,1283,339,454,344,296,264,405,358,341,603,859,702,637,20017
20,189,5603,2837,2766,809,1137,693,391,839,1005,576,425,1648,2142,1269,816,20189
20,183,3627,1796,1831,352,525,610,466,357,516,553,525,709,1041,1163,991,20183
20,067,7467,3888,3579,1252,1518,899,486,1075,1411,758,476,2327,2929,1657,962,20067
26,009,23206,11582,11624,2222,3585,3747,2990,2020,3426,3962,3199,4242,7011,7709,6189,26009
26,061,36070,19495,16575,3776,9749,4033,2890,3509,6769,3942,3233,7285,16518,7975,6123,26061
26,093,189754,95184,94570,21215,36399,28490,14705,19981,35140,28393,16667,41196,71539,56883,31372,26093
26,069,25197,12546,12651,2092,3849,4245,3531,2064,3650,4201,3792,4156,7499,8446,7323,26069
26,085,11852,6053,5799,1010,1826,2084,1712,939,1697,2129,1576,1949,3523,4213,3288,26085
26,101,24457,12695,11762,2158,4659,4039,2929,2114,3515,4063,3181,4272,8174,8102,6110,26101
20,085,13266,6627,6639,1705,2379,1786,1166,1611,2293,1877,1332,3316,4672,3663,2498,20085
20,095,7340,3671,3669,877,1180,1113,757,763,1239,974,843,1640,2419,2087,1600,20095
20,109,2805,1408,1397,352,500,353,251,340,451,358,315,692,951,711,566,20109
20,131,10121,5127,4994,1426,1786,1276,885,1262,1648,1257,1107,2688,3434,2533,1992,20131
20,149,23847,11934,11913,3495,4680,2793,1596,3535,4500,2654,1767,7030,9180,5447,3363,20149
20,209,164861,81809,83052,23608,35341,17508,8526,22332,34670,18473,11314,45940,70011,35981,19840,20209
20,021,20179,10014,10165,2475,3633,2714,1773,2305,3548,2908,2066,4780,7181,5622,3839,20021
20,015,66698,33771,32927,8843,13885,8171,4447,8287,12374,8557,5451,17130,26259,16728,9898,20015
20,027,8082,4036,4046,994,1422,1004,839,948,1278,1072,1029,1942,2700,2076,1868,20027
20,105,3044,1561,1483,385,503,467,336,302,441,448,385,687,944,915,721,20105
20,169,54701,27149,27552,6523,11003,6905,4166,6318,10382,6985,5246,12841,21385,13890,9412,20169
20,191,23114,11557,11557,2967,4245,3176,1862,2716,3978,3064,2368,5683,8223,6240,4230,20191
20,195,2840,1422,1418,245,542,392,336,258,430,427,382,503,972,819,718,20195
20,197,6889,3490,3399,875,1118,1074,654,765,1153,1002,691,1640,2271,2076,1345,20197
20,205,8688,4261,4427,1051,1500,1119,813,1034,1380,1278,1013,2085,2880,2397,1826,20205
20,123,6145,3125,3020,700,1175,833,653,673,947,879,799,1373,2122,1712,1452,20123
20,141,3530,1765,1765,385,587,547,388,360,531,506,474,745,1118,1053,862,20141
20,005,16268,7844,8424,1956,3122,2009,1231,1860,3414,1959,1521,3816,6536,3968,2752,20005
20,055,36750,18897,17853,5843,8102,3933,1762,5434,7250,3794,2143,11277,15352,7727,3905,20055
20,075,2591,1413,1178,406,544,332,194,308,499,293,157,714,1043,625,351,20075
20,103,80745,43283,37462,10068,19759,10339,5186,9135,14680,9552,6208,19203,34439,19891,11394,20103
20,201,5493,2807,2686,653,948,773,596,579,833,705,713,1232,1781,1478,1309,20201
20,203,2130,999,1131,232,340,312,195,303,379,293,205,535,719,605,400,20203
20,129,2754,1375,1379,387,437,386,255,313,507,309,323,700,944,695,578,20129
20,137,5446,3018,2428,465,1418,808,511,592,718,682,606,1057,2136,1490,1117,20137
20,009,26453,13040,13413,3236,4903,3519,2243,3045,4747,3731,2743,6281,9650,7250,4986,20009
20,029,8938,4452,4486,1100,1707,1209,783,1009,1536,1161,1093,2109,3243,2370,1876,20029
20,047,2869,1430,1439,305,468,451,309,349,464,407,297,654,932,858,606,20047
20,101,1564,798,766,200,309,209,138,187,273,186,150,387,582,395,288,20101
20,165,3022,1503,1519,356,476,399,349,304,494,419,402,660,970,818,751,20165
20,115,11964,5994,5970,1347,2109,1711,1236,1235,1949,1640,1528,2582,4058,3351,2764,20115
20,133,16108,7984,8124,2002,2967,2070,1358,1986,2765,2122,1737,3988,5732,4192,3095,20133
20,143,5822,2997,2825,754,1046,850,537,580,938,865,620,1334,1984,1715,1157,20143
20,161,75056,39748,35308,6158,26597,4973,3011,6274,21012,5564,3679,12432,47609,10537,6690,20161
20,007,4624,2352,2272,551,809,691,456,552,714,674,542,1103,1523,1365,998,20007
20,041,18828,9488,9340,2289,3580,2499,1672,2186,3205,2432,1991,4475,6785,4931,3663,20041
20,087,18890,9560,9330,2260,3331,2817,1693,2087,3247,2745,1794,4347,6578,5562,3487,20087
21,089,35555,17392,18163,4022,6586,4769,3176,3616,6574,5117,4037,7638,13160,9886,7213,21089
21,069,14513,7152,7361,1774,2671,1935,1164,1779,2668,1947,1373,3553,5339,3882,2537,21069
21,043,27159,13345,13814,3120,5267,3465,2268,2931,5351,3566,2698,6051,10618,7031,4966,21043
21,081,24951,12323,12628,3248,5132,2952,1591,3425,4945,3003,1813,6673,10077,5955,3404,21081
21,111,767419,370951,396468,87498,159658,91397,51224,83493,163009,102944,69575,170991,322667,194341,120799,21111
21,141,26902,13127,13775,3248,4987,3451,2177,3111,5051,3716,2718,6359,10038,7167,4895,21141
21,161,17112,8490,8622,2076,3362,2263,1278,1800,3212,2501,1711,3876,6574,4764,2989,21161
21,191,14572,7422,7150,1809,2829,2169,1055,1590,2725,2041,1207,3399,5554,4210,2262,21191
21,201,2123,981,1142,171,335,329,189,336,381,243,267,507,716,572,456,21201
21,215,18680,9449,9231,2204,3767,2643,1221,2091,3712,2591,1296,4295,7479,5234,2517,21215
21,011,12355,6142,6213,1673,2243,1558,897,1532,2334,1569,1100,3205,4577,3127,1997,21011
21,007,8032,3966,4066,899,1469,1106,741,866,1413,1147,925,1765,2882,2253,1666,21007
21,021,29972,15008,14964,3168,6675,3764,2336,2814,5859,4096,3225,5982,12534,7860,5561,21021
21,087,10979,5381,5598,1159,1942,1673,984,1158,1986,1556,1227,2317,3928,3229,2211,21087
21,095,26699,12871,13828,3075,4954,3545,2102,3032,5091,3981,2676,6107,10045,7526,4778,21095
21,159,11648,6433,5215,1209,3254,1525,834,1114,1945,1529,993,2323,5199,3054,1827,21159
21,137,24476,11984,12492,2933,4584,3209,1933,2857,4631,3250,2433,5790,9215,6459,4366,21137
21,171,10627,5332,5295,1287,2004,1456,853,1110,1907,1532,1103,2397,3911,2988,1956,21171
21,183,24071,11843,12228,2874,4594,3125,1954,3087,4338,3323,2292,5961,8932,6448,4246,21183
21,225,14638,7644,6994,1491,3635,1941,1052,1313,2856,1950,1318,2804,6491,3891,2370,21225
21,233,13068,6479,6589,1462,2627,1709,1027,1566,2392,1728,1242,3028,5019,3437,2269,21233
48,249,40972,20117,20855,5749,8276,4355,2776,5714,8158,4572,3337,11463,16434,8927,6113,48249
48,111,7304,3718,3586,1138,1490,858,387,1164,1418,733,397,2302,2908,1591,784,48111
26,119,9265,4673,4592,703,1258,1734,1466,678,1190,1771,1441,1381,2448,3505,2907,26119
26,141,12714,6329,6385,1009,1726,2335,1937,1047,1701,2278,1955,2056,3427,4613,3892,26141
26,051,25279,12744,12535,2539,3988,4037,3218,2306,3771,4115,3437,4845,7759,8152,6655,26051
26,077,262745,128538,134207,29113,60631,27954,16666,27950,60751,30782,21689,57063,121382,58736,38355,26077
26,107,43251,21810,21441,4138,9930,5317,3662,3919,9093,5605,4160,8057,19023,10922,7822,26107
26,103,66686,33610,33076,6125,14744,9057,5930,5892,14086,8752,6359,12017,28830,17809,12289,26103
26,123,48366,24285,24081,5595,8809,6983,4371,5342,8479,7083,4741,10937,17288,14066,9112,26123
26,133,23290,11804,11486,2797,4142,3407,2292,2483,3929,3330,2511,5280,8071,6737,4803,26133
26,137,24490,12153,12337,2634,4381,3605,2380,2522,4329,3592,2696,5156,8710,7197,5076,26137
26,025,134212,65779,68433,15992,26124,17236,10249,14891,26487,18079,12981,30883,52611,35315,23230,26025
26,031,25418,12713,12705,2210,4142,4312,3281,2047,3980,4325,3521,4257,8122,8637,6802,26031
26,095,6338,3756,2582,572,1767,944,681,474,829,787,673,1046,2596,1731,1354,26095
26,081,648121,319318,328803,81037,141459,73020,37806,77176,141763,76783,48098,158213,283222,149803,85904,26081
26,145,191821,93128,98693,21145,37160,24493,15628,20185,37407,26838,20173,41330,74567,51331,35801,26145
26,155,68340,33776,34564,7425,13251,9664,5483,7174,12872,9881,6666,14599,26123,19545,12149,26155
26,017,104104,51139,52965,10934,19856,14488,8999,10344,19224,15389,11412,21278,39080,29877,20411,26017
26,029,26188,12974,13214,2513,4334,4183,2963,2545,4173,4272,3241,5058,8507,8455,6204,26029
26,041,36026,17924,18102,3756,6033,5664,3923,3445,5898,5695,4494,7201,11931,11359,8417,26041
26,047,33104,16359,16745,3383,5998,4749,3338,3074,5918,5185,3854,6457,11916,9934,7192,26047
27,071,12515,6238,6277,1162,2049,2148,1435,1128,1990,2013,1619,2290,4039,4161,3054,27071
27,097,33064,16679,16385,4030,6042,4712,2884,3711,5701,4564,3383,7741,11743,9276,6267,27097
27,113,14183,7055,7128,1674,2812,1896,1117,1639,2677,1784,1428,3313,5489,3680,2545,27113
27,147,36683,18200,18483,4529,7128,4716,2794,4672,6638,4671,3458,9201,13766,9387,6252,27147
27,167,6291,3245,3046,770,1143,915,552,658,1066,861,629,1428,2209,1776,1181,27167
27,001,15834,8047,7787,1424,2055,2732,2587,1227,2034,2703,2557,2651,4089,5435,5144,27001
27,043,13801,6920,6881,1600,2297,2075,1379,1436,2151,1954,1755,3036,4448,4029,3134,27043
27,101,8296,4149,4147,904,1312,1235,1018,877,1247,1271,1085,1781,2559,2506,2103,27101
27,067,42841,21565,21276,5449,8200,5520,3615,4998,7676,5585,4239,10447,15876,11105,7854,27067
27,075,10560,5424,5136,975,1698,1831,1357,879,1621,1579,1361,1854,3319,3410,2718,27075
27,133,9402,4601,4801,1159,1689,1138,849,1236,1613,1206,1017,2395,3302,2344,1866,27133
27,135,15361,7910,7451,1936,2908,2284,1217,1816,2611,2046,1345,3752,5519,4330,2562,27135
27,155,3311,1644,1667,307,589,461,373,345,491,475,449,652,1080,936,822,27155
27,005,34011,16928,17083,4135,5859,4756,3266,4161,5719,4709,3610,8296,11578,9465,6876,27005
27,053,1245837,616042,629795,139744,285027,144654,74533,134996,278138,152112,95885,274740,563165,296766,170418,27053
27,015,25163,12610,12553,2924,4685,3426,2364,2538,4424,3385,2879,5462,9109,6811,5243,27015
27,023,11953,5912,6041,1448,2143,1565,1121,1341,2067,1641,1375,2789,4210,3206,2496,27023
27,029,8821,4514,4307,1163,1581,1150,870,1028,1428,1197,918,2191,3009,2347,1788,27029
27,049,46246,22975,23271,5311,8472,6603,4006,5049,8161,6627,4774,10360,16633,13230,8780,27049
27,059,39430,19973,19457,4886,7878,5396,2809,4518,7480,5185,3313,9404,15358,10581,6122,27059
27,063,9954,5089,4865,1123,1830,1500,987,1026,1640,1317,1165,2149,3470,2817,2152,27063
27,099,39807,20058,19749,5211,7725,5015,3180,4734,7217,4758,4126,9945,14942,9773,7306,27099
27,115,29223,15601,13622,3054,6051,4621,2843,2756,4568,4140,3031,5810,10619,8761,5874,27115
27,109,154809,75648,79161,19381,31566,17788,10282,18748,31937,19316,13066,38129,63503,37104,23348,27109
27,159,13654,6739,6915,1769,2287,1796,1271,1686,2294,1727,1592,3455,4581,3523,2863,27159
27,009,40129,20130,19999,5097,8809,4656,2442,5047,8312,4486,3085,10144,17121,9142,5527,27009
27,047,30463,15155,15308,3416,5427,4208,3029,3270,5129,4162,3670,6686,10556,8370,6699,27047
27,061,45141,22863,22278,5012,7755,6905,4896,4474,7278,6855,5320,9486,15033,13760,10216,27061
27,121,11048,5587,5461,1234,1906,1676,1226,1085,1769,1582,1393,2319,3675,3258,2619,27121
27,149,9789,4908,4881,1097,2228,1060,751,976,2210,1054,898,2073,4438,2114,1649,27149
27,151,9359,4686,4673,1111,1638,1338,907,1002,1568,1247,1137,2113,3206,2585,2044,27151
27,033,11299,5650,5649,1442,1857,1512,1169,1302,1871,1425,1399,2744,3728,2937,2568,27033
27,139,145275,72365,72910,20453,30790,16752,6988,20022,30834,16657,8149,40475,61624,33409,15137,27139
27,157,21537,10849,10688,2387,3741,3234,2191,2242,3621,3109,2371,4629,7362,6343,4562,27157
27,117,9191,4484,4707,1213,1510,1218,781,1132,1548,1136,1122,2345,3058,2354,1903,27117
27,107,6520,3320,3200,804,1126,926,668,733,1053,910,728,1537,2179,1836,1396,27107
27,103,33954,17018,16936,3689,7607,4071,2475,3780,7244,3916,2842,7469,14851,7987,5317,27103
48,157,765394,375912,389482,108171,161435,84760,37301,103498,169879,89346,44045,211669,331314,174106,81346,48157
48,235,1620,838,782,215,309,199,127,210,240,248,146,425,549,447,273,48235
48,489,21588,11663,9925,2644,6117,1945,1324,2550,4104,2021,1630,5194,10221,3966,2954,48489
48,115,12813,6939,5874,1661,3410,1286,817,1669,2142,1330,1061,3330,5552,2616,1878,48115
48,051,18058,8951,9107,2106,3162,2424,1727,1909,3245,2529,1962,4015,6407,4953,3689,48051
48,355,361540,178516,183024,45902,78384,40285,22520,43636,77364,42163,28363,89538,155748,82448,50883,48355
48,379,11766,5912,5854,1252,1919,1836,1410,1042,1975,1818,1483,2294,3894,3654,2893,48379
48,385,3408,1498,1910,380,329,448,439,497,623,358,536,877,952,806,975,48385
48,431,1231,678,553,283,207,144,51,141,212,128,105,424,419,272,156,48431
48,065,6009,2897,3112,704,1047,823,527,772,1175,764,571,1476,2222,1587,1098,48065
48,161,19714,10203,9511,2315,4071,2624,1753,2171,3386,2444,2113,4486,7457,5068,3866,48161
48,197,3945,1918,2027,360,738,572,398,460,744,544,447,820,1482,1116,845,48197
48,045,1457,804,653,123,326,198,193,114,251,151,179,237,577,349,372,48045
48,291,83702,41320,42382,11173,17356,9473,5042,10681,18148,9847,5831,21854,35504,19320,10873,48291
48,301,98,54,44,9,18,18,12,16,5,23,13,25,23,41,25,48301
48,395,16990,8315,8675,2078,2926,2295,1523,1963,3182,2347,1706,4041,6108,4642,3229,48395
48,401,53755,28614,25141,6125,13046,6703,4061,6024,9415,6261,4769,12149,22461,12964,8830,48401
48,455,14620,7022,7598,1456,2206,2109,1841,1532,2336,2220,1992,2988,4542,4329,3833,48455
48,019,22215,11192,11023,2165,3346,3900,2947,1644,3350,3935,2926,3809,6696,7835,5873,48019
48,075,7253,4442,2811,751,2682,775,361,535,1046,747,643,1286,3728,1522,1004,48075
48,091,141642,69980,71662,16481,26705,19149,11862,15710,26663,20176,13535,32191,53368,39325,25397,48091
48,225,22954,12452,10502,2381,5117,3278,2289,2117,3510,3015,2604,4498,8627,6293,4893,48225
48,349,48995,24098,24897,6570,9199,5923,3721,6285,9373,6095,4508,12855,18572,12018,8229,48349
48,415,17096,9277,7819,2230,4282,2015,1136,2069,2922,1789,1442,4299,7204,3804,2578,48415
48,433,1476,720,756,188,194,229,167,210,210,252,133,398,404,481,300,48433
48,021,84522,42810,41712,10909,17190,11207,5670,10657,15764,11176,6633,21566,32954,22383,12303,48021
48,025,32611,19915,12696,3495,11346,3954,1786,3407,4921,2815,2119,6902,16267,6769,3905,48025
48,103,4802,2458,2344,788,987,482,243,680,925,477,411,1468,1912,959,654,48103
50,021,58892,28933,29959,5323,10898,9205,5728,5213,10581,9669,6819,10536,21479,18874,12547,50021
50,017,28908,14418,14490,2823,5308,4624,2746,2523,5141,4763,3180,5346,10449,9387,5926,50017
50,027,55275,27097,28178,5133,9550,8489,5876,4951,9476,9252,6681,10084,19026,17741,12557,50027
49,049,605490,305954,299536,105316,148297,38620,20983,99233,143528,39985,24813,204549,291825,78605,45796,49049
49,013,20148,10280,9868,3487,4088,1978,1124,3336,3894,1830,1170,6823,7982,3808,2294,49013
49,047,36084,18302,17782,6183,7891,3137,1736,5860,7354,3325,1936,12043,15245,6462,3672,49047
49,011,345767,174378,171389,58202,76271,30033,15599,54064,74290,30838,18157,112266,150561,60871,33756,49011
49,015,10117,5168,4949,1614,1805,1267,827,1396,1808,1198,834,3010,3613,2465,1661,49015
49,017,4998,2524,2474,578,886,722,544,617,819,659,544,1195,1705,1381,1088,49017
51,093,36627,17941,18686,3890,6638,5484,3079,3766,6662,5793,3735,7656,13300,11277,6814,51093
51,620,8147,3640,4507,1012,1385,838,676,1039,1549,1356,895,2051,2934,2194,1571,51620
51,678,7241,4112,3129,225,3196,455,406,424,1455,740,722,649,4651,1195,1128,51678
51,089,51308,24817,26491,5243,8526,7377,5271,4753,8767,7920,6833,9996,17293,15297,12104,51089
51,101,16688,8160,8528,1954,3308,2129,1168,1822,3340,2452,1449,3776,6648,4581,2617,51101
51,109,36040,17679,18361,3656,6467,5647,3329,3693,6466,5953,3725,7349,12933,11600,7054,51109
51,147,22905,11329,11576,1786,6090,2413,1571,1910,5632,2537,2112,3696,11722,4950,3683,51147
51,165,80284,39392,40892,9180,15338,10037,6874,8648,15443,10877,8239,17828,30781,20914,15113,51165
21,035,38837,18835,20002,3484,9116,4322,2940,3555,9223,4810,3596,7039,18339,9132,6536,21035
21,045,15885,7749,8136,1849,2958,2086,1365,1754,3002,2120,1797,3603,5960,4206,3162,21045
21,047,71414,37966,33448,9977,19875,5642,3708,9351,14214,6391,4903,19328,34089,12033,8611,21047
21,059,100474,49081,51393,12594,19596,12407,7256,11901,19586,13575,9523,24495,39182,25982,16779,21059
21,085,26247,13073,13174,3209,5054,3399,2098,3051,4974,3573,2425,6260,10028,6972,4523,21085
21,101,45829,22133,23696,5277,8843,5813,3467,5210,8926,6459,4422,10487,17769,12272,7889,21101
21,103,15911,7910,8001,1994,2989,2188,1222,1750,2968,2298,1483,3744,5957,4486,2705,21103
21,107,45331,22126,23205,5454,8515,5889,3559,4966,8656,6504,4598,10420,17171,12393,8157,21107
21,109,13369,6632,6737,1570,2631,1773,1020,1440,2553,1814,1254,3010,5184,3587,2274,21109
21,125,60357,29539,30818,7149,12127,7537,4404,6808,12282,8111,5287,13957,24409,15648,9691,21125
21,157,31192,15218,15974,3260,5548,4421,3084,3144,5657,4701,3678,6404,11205,9122,6762,21157
21,163,28182,14232,13950,3365,5943,3654,1932,3093,5874,3708,2005,6458,11817,7362,3937,21163
21,173,27884,13737,14147,3551,5639,3362,1926,3124,5633,3735,2470,6675,11272,7097,4396,21173
21,181,7153,3439,3714,787,1338,953,554,912,1365,948,652,1699,2703,1901,1206,21181
21,185,65967,34554,31413,8459,15332,8314,3955,8412,12134,7956,4429,16871,27466,16270,8384,21185
27,041,37513,18768,18745,4068,6818,5163,3930,3996,6207,5257,4490,8064,13025,10420,8420,27041
27,051,5935,3001,2934,673,1019,822,671,656,930,839,711,1329,1949,1661,1382,27051
27,069,4311,2169,2142,470,705,688,475,458,634,638,557,928,1339,1326,1032,27069
27,079,28242,14153,14089,3415,5350,3946,2253,3377,5189,3727,2576,6792,10539,7673,4829,27079
21,187,10796,5368,5428,1217,2032,1497,914,1216,2008,1408,1017,2433,4040,2905,1931,21187
21,203,16820,8155,8665,1824,3141,2279,1316,1886,3218,2353,1678,3710,6359,4632,2994,21203
21,209,54667,26941,27726,7004,12224,6019,2878,6865,12219,6456,3602,13869,24443,12475,6480,21209
21,227,128652,62979,65673,14715,30721,12875,7252,14508,30803,14205,9031,29223,61524,27080,16283,21227
21,003,20944,10456,10488,2553,4031,2736,1686,2429,3951,2910,1942,4982,7982,5646,3628,21003
21,017,20058,9618,10440,2226,3669,2603,1632,2309,3884,2755,2168,4535,7553,5358,3800,21017
21,029,80171,40070,40101,9385,16652,10383,5716,8321,16642,10700,6566,17706,33294,21083,12282,21029
21,055,9000,4595,4405,1092,1681,1234,867,930,1519,1312,954,2022,3200,2546,1821,21055
21,075,6130,3077,3053,734,1211,791,514,608,1054,939,716,1342,2265,1730,1230,21075
21,119,15260,7504,7756,1587,2988,2246,1205,1479,3026,2258,1488,3066,6014,4504,2693,21119
21,165,6443,3414,3029,789,1278,1017,632,559,1066,935,670,1348,2344,1952,1302,21165
21,177,30951,15239,15712,3168,6415,3972,2498,3138,6134,4138,3265,6306,12549,8110,5763,21177
21,193,26624,13179,13445,3156,5189,3581,2033,2786,5203,3762,2316,5942,10392,7343,4349,21193
21,237,7207,3603,3604,942,1267,1045,631,726,1310,1072,745,1668,2577,2117,1376,21237
21,051,20368,10674,9694,2218,5025,2622,1323,2122,3792,2731,1682,4340,8817,5353,3005,21051
21,013,26791,13174,13617,2959,5256,3483,2167,2740,5152,3825,2812,5699,10408,7308,4979,21013
21,057,6697,3253,3444,725,1046,1021,669,752,1144,931,771,1477,2190,1952,1440,21057
21,083,37248,18338,18910,4710,6977,4716,2999,4276,7013,4987,3790,8986,13990,9703,6789,21083
21,129,6881,3624,3257,799,1467,1075,539,607,1200,1001,657,1406,2667,2076,1196,21129
21,031,12764,6420,6344,1540,2507,1600,1065,1351,2379,1751,1241,2891,4886,3351,2306,21031
21,061,12138,6117,6021,1140,2500,1782,1150,1120,2283,1638,1297,2260,4783,3420,2447,21061
21,097,18722,9241,9481,2200,3431,2723,1482,2112,3490,2625,1784,4312,6921,5348,3266,21097
21,023,8305,4184,4121,1033,1605,1162,612,956,1545,1139,729,1989,3150,2301,1341,21023
21,179,45650,22785,22865,5817,9060,5881,3251,5076,9074,6385,3724,10893,18134,12266,6975,21179
21,231,20546,10227,10319,2184,4063,2690,1924,2131,3719,2872,2200,4315,7782,5562,4124,21231
21,155,19244,9759,9485,2488,3856,2676,1322,2197,3532,2402,1852,4685,7388,5078,3174,21155
21,221,14449,7196,7253,1722,2346,2102,1627,1464,2484,2184,1581,3186,4830,4286,3208,21221
21,015,130820,64953,65867,17677,27200,15240,7534,16910,26889,16095,9330,34587,54089,31335,16864,21015
21,113,53032,25630,27402,6520,10752,5950,3548,6413,11356,6776,4239,12933,22108,12726,7787,21113
21,121,31365,15302,16063,3755,6389,3640,2308,3574,6227,4102,3059,7329,12616,7742,5367,21121
21,133,22295,10850,11445,2479,4151,3127,1864,2340,4215,3511,2264,4819,8366,6638,4128,21133
21,139,9235,4581,4654,1023,1573,1402,906,903,1610,1376,1036,1926,3183,2778,1942,21139
21,195,59497,28874,30623,6298,11612,8215,4640,6016,11704,8806,6121,12314,23316,17021,10761,21195
21,211,47325,22962,24363,5750,9385,5869,3256,5297,10144,6394,3986,11047,19529,12263,7242,21211
21,005,22409,10976,11433,2805,4292,2978,1475,2543,4498,3147,1984,5348,8790,6125,3459,21005
21,027,20176,10173,10003,2441,3655,2942,1838,2184,3535,2942,2050,4625,7190,5884,3888,21027
21,073,50529,24519,26010,5424,10284,6455,3692,5146,10358,7276,4913,10570,20642,13731,8605,21073
21,147,17465,9525,7940,2076,4384,2353,1270,1879,3023,2239,1402,3955,7407,4592,2672,21147
21,151,90802,44220,46582,9715,21547,9750,5341,9240,22392,10507,6790,18955,43939,20257,12131,21151
21,169,10036,4999,5037,1217,1793,1389,798,1089,1744,1455,1086,2306,3537,2844,1884,21169
21,189,4442,2018,2424,402,810,600,345,496,851,731,499,898,1661,1331,844,21189
21,213,18183,8952,9231,2321,3558,2171,1278,2126,3463,2453,1708,4447,7021,4624,2986,21213
21,049,35971,17561,18410,4304,6782,4677,2823,3762,7249,4970,3485,8066,14031,9647,6308,21049
21,219,12316,6087,6229,1611,2384,1434,877,1678,2302,1478,1044,3289,4686,2912,1921,21219
21,041,10671,5466,5205,1391,2256,1364,732,1360,1960,1307,878,2751,4216,2671,1610,21041
21,053,10193,5093,5100,1204,1936,1390,896,1125,1835,1380,1049,2329,3771,2770,1945,21053
21,077,8737,4491,4246,1201,1767,1202,580,953,1746,1166,613,2154,3513,2368,1193,21077
22,083,20350,9909,10441,2513,3942,2446,1548,2297,4024,2724,1946,4810,7966,5170,3494,22083
27,087,5501,2788,2713,926,890,700,451,813,896,646,513,1739,1786,1346,964,27087
27,025,55315,28780,26535,6691,11727,7792,3960,6003,10256,7488,4305,12694,21983,15280,8265,27025
27,127,15261,7706,7555,1898,2715,2092,1449,1809,2434,1981,1769,3707,5149,4073,3218,27127
27,173,9814,4984,4830,1161,1817,1381,904,1100,1622,1315,1074,2261,3439,2696,1978,27173
27,153,24494,12591,11903,3080,4182,3643,2519,2749,3932,3375,2602,5829,8114,7018,5121,27153
27,007,46403,23137,23266,6039,9720,5212,3370,5647,9529,5482,3846,11686,19249,10694,7216,27007
27,013,66795,33456,33339,6775,17440,6586,3998,6435,16453,6915,4933,13210,33893,13501,8931,27013
27,055,18648,9368,9280,2101,3244,2827,1812,1938,3075,2802,2059,4039,6319,5629,3871,27055
27,073,6719,3368,3351,666,1047,1074,829,638,981,1024,962,1304,2028,2098,1791,27073
27,077,3771,2009,1762,441,555,725,451,358,506,624,435,799,1061,1349,886,27077
27,111,58195,29326,28869,6519,9569,8954,6441,6116,8978,8664,7138,12635,18547,17618,13579,27111
27,161,18740,9005,9735,2153,3451,2461,1510,2222,3898,2376,1749,4375,7349,4837,3259,27161
27,137,199759,100118,99641,19541,42005,27704,17368,18581,39303,28048,20259,38122,81308,55752,37627,27137
27,003,350253,175259,174994,42889,73603,45341,21533,41145,70640,46168,25872,84034,144243,91509,47405,27003
27,145,158452,79704,78748,18552,35810,18405,10665,18106,33850,18351,12423,36658,69660,36756,23088,27145
27,037,421453,207870,213583,53226,86778,51983,25407,50240,86310,56005,32018,103466,173088,107988,57425,27037
27,083,25758,12830,12928,3403,5339,2960,1760,3153,5105,3022,2226,6556,10444,5982,3986,27083
27,089,9372,4735,4637,1038,1685,1399,930,1099,1503,1287,1042,2137,3188,2686,1972,27089
27,129,14652,7456,7196,1734,2597,2189,1411,1640,2384,2018,1591,3374,4981,4207,3002,27129
27,163,255938,126626,129312,32073,51043,32950,16867,30995,50252,35023,20043,63068,101295,67973,36910,27163
27,031,5376,2661,2715,408,855,882,733,415,865,962,733,823,1720,1844,1466,27031
29,103,3947,1977,1970,499,676,539,377,444,638,533,470,943,1314,1072,847,29103
29,139,11487,5724,5763,1370,1989,1627,1055,1193,1913,1720,1293,2563,3902,3347,2348,29139
29,207,29377,14277,15100,3320,5553,3818,2516,3246,5523,3940,3260,6566,11076,7758,5776,29207
29,007,25644,11825,13819,3224,4295,3168,1888,2703,5746,3622,2554,5927,10041,6790,4442,29007
29,077,289756,140944,148812,30964,65598,31631,19719,29541,65616,34570,26944,60505,131214,66201,46663,29077
29,185,9370,4655,4715,891,1505,1472,1206,937,1336,1405,1340,1828,2841,2877,2546,29185
29,197,4555,2237,2318,598,772,587,403,599,800,558,474,1197,1572,1145,877,29197
29,029,45466,22422,23044,4223,6624,7383,6256,3986,6879,8077,6326,8209,13503,15460,12582,29029
29,099,223951,111162,112789,26755,45512,29638,14780,25657,44612,30967,17710,52412,90124,60605,32490,29099
29,143,17560,8388,9172,2052,3114,2338,1416,2051,3327,2539,1839,4103,6441,4877,3255,29143
29,173,10234,5196,5038,1129,1831,1674,1034,1053,1724,1550,1107,2182,3555,3224,2141,29173
30,017,11729,5850,5879,1377,2171,1564,1004,1198,2170,1610,1239,2575,4341,3174,2243,30017
30,075,1607,811,796,144,241,314,217,117,231,269,223,261,472,583,440,30075
30,085,11175,5502,5673,1841,2180,1158,555,1905,2083,1216,685,3746,4263,2374,1240,30085
30,051,2351,1115,1236,283,302,325,288,250,411,356,302,533,713,681,590,30051
30,083,11199,5709,5490,1407,2351,1506,801,1426,2098,1458,847,2833,4449,2964,1648,30083
30,101,4892,2720,2172,440,1207,845,397,491,662,733,428,931,1869,1578,825,30101
30,019,1730,925,805,249,252,294,173,145,233,248,250,394,485,542,423,30019
30,045,1954,1064,890,224,280,421,227,175,249,345,216,399,529,766,443,30045
30,023,9106,4796,4310,786,1849,1510,1031,664,1494,1455,1044,1450,3343,2965,2075,30023
30,055,1790,902,888,201,283,266,205,220,248,247,244,421,531,513,449,30055
30,087,9152,4567,4585,1303,1619,1159,664,1312,1625,1217,690,2615,3244,2376,1354,30087
30,021,9017,4759,4258,997,1994,1319,782,915,1500,1169,892,1912,3494,2488,1674,30021
30,007,5945,3035,2910,586,995,903,729,571,973,907,663,1157,1968,1810,1392,30007
30,071,4077,2089,1988,551,650,591,439,401,573,660,472,952,1223,1251,911,30071
31,009,477,243,234,50,75,78,55,54,53,80,77,104,128,158,132,31009
31,049,1831,875,956,173,258,334,179,186,316,287,251,359,574,621,430,31049
31,113,927,503,424,164,163,123,86,92,154,122,100,256,317,245,186,31113
31,169,5057,2542,2515,591,812,734,587,562,720,726,696,1153,1532,1460,1283,31169
31,001,31587,15846,15741,3911,6324,3977,2486,3600,5963,3886,3110,7511,12287,7863,5596,31001
31,011,5279,2611,2668,607,877,773,517,621,811,749,656,1228,1688,1522,1173,31011
22,099,53732,26437,27295,6602,10901,6604,3631,6461,10829,7121,4280,13063,21730,13725,7911,22099
22,115,49646,26265,23381,6297,13949,4387,2574,6155,10544,4472,3249,12452,24493,8859,5823,22115
22,127,14313,7625,6688,1425,3569,1926,1153,1517,2380,1757,1463,2942,5949,3683,2616,22127
22,033,443763,212317,231446,51350,99016,46077,25805,49915,104321,53696,35097,101265,203337,99773,60902,22033
22,085,23991,11853,12138,2924,4266,3080,2273,2767,4381,3353,2552,5691,8647,6433,4825,22085
22,003,25618,14542,11076,3028,7257,3266,1626,2708,4038,2960,2149,5736,11295,6226,3775,22003
22,065,11306,5630,5676,1357,2624,1180,709,1350,2412,1306,858,2707,5036,2486,1567,22065
22,053,31441,15550,15891,4246,5921,3823,2259,3744,6099,4083,2806,7990,12020,7906,5065,22053
22,093,21308,10111,11197,2366,3972,2706,1514,2524,4279,2937,2044,4890,8251,5643,3558,22093
22,043,22340,12624,9716,2368,6468,2769,1549,2253,3778,2439,1733,4621,10246,5208,3282,22043
22,125,15428,9875,5553,1400,5059,2751,1093,1116,2192,1469,1077,2516,7251,4220,2170,22125
22,051,434850,210690,224160,48907,87735,54231,31216,46993,89374,60449,41117,95900,177109,114680,72333,22051
01,099,21270,10160,11110,2558,3642,2814,1784,2190,4204,3052,2316,4748,7846,5866,4100,1099
01,079,33058,15955,17103,3540,6171,4563,2627,3643,6367,4865,3371,7183,12538,9428,5998,1079
01,081,161152,79453,81699,17720,40790,15806,8419,16668,41041,17359,10277,34388,81831,33165,18696,1081
01,093,29866,14781,15085,3314,5503,4111,2738,2960,5453,4048,3550,6274,10956,8159,6288,1093
01,107,20243,9637,10606,2124,3809,2648,1677,1907,4327,3044,2062,4031,8136,5692,3739,1107
01,119,12797,5927,6870,1321,2586,1403,902,1149,3058,1650,1332,2470,5644,3053,2234,1119
01,073,659680,312033,347647,76829,133498,76314,42105,74348,144626,87671,59680,151177,278124,163985,101785,1073
01,023,12925,6145,6780,1365,2131,1804,1275,1238,2353,1919,1647,2603,4484,3723,2922,1023
01,059,31466,15676,15790,4015,6450,3587,2345,3869,5959,4087,2959,7884,12409,7674,5304,1059
01,091,19321,9299,10022,2394,3429,2378,1615,2009,3787,2769,2114,4403,7216,5147,3729,1091
01,113,57952,27861,30091,7124,11914,6653,3317,7045,12509,7219,4712,14169,24423,13872,8029,1113
01,019,25903,12777,13126,2614,4550,3869,2700,2631,4291,4055,3111,5245,8841,7924,5811,1019
01,039,37200,17986,19214,4212,6582,4962,3350,3951,6825,5264,4376,8163,13407,10226,7726,1039
01,041,13844,6748,7096,1622,2524,1863,1128,1484,2597,1895,1481,3106,5121,3758,2609,1041
01,047,39149,18039,21110,4749,6642,4930,2865,4680,8023,5929,3944,9429,14665,10859,6809,1047
01,077,92556,44568,47988,9510,18432,11304,7885,8799,19029,13009,10343,18309,37461,24313,18228,1077
01,085,10079,4821,5258,1198,1785,1316,790,1073,1949,1527,1066,2271,3734,2843,1856,1085
01,087,18708,8593,10115,1677,3715,2295,1513,1571,4404,2731,2101,3248,8119,5026,3614,1087
01,083,94727,47291,47436,10804,20439,11706,6414,10779,19056,11984,7914,21583,39495,23690,14328,1083
01,117,213432,103346,110086,25634,43346,25301,14125,24991,45581,28110,17591,50625,88927,53411,31716,1117
01,133,23784,11781,12003,2523,4293,3415,2306,2403,4185,3394,2769,4926,8478,6809,5075,1133
01,003,212830,103496,109334,23548,38923,27639,19735,22687,40372,30564,22796,46235,79295,58203,42531,1003
01,051,81144,39226,41918,9231,16846,9442,5446,8998,17854,10502,6607,18229,34700,19944,12053,1051
01,071,51852,25381,26471,5723,9757,7164,4452,5259,9775,7841,5661,10982,19532,15005,10113,1071
01,121,80387,38826,41561,8689,15770,10443,6284,8568,16532,11227,7768,17257,32302,21670,14052,1121
01,129,16541,8159,8382,1878,3040,2307,1387,1910,2854,2515,1660,3788,5894,4822,3047,1129
01,027,13337,6438,6899,1420,2416,1697,1208,1358,2540,1964,1490,2778,4956,3661,2698,1027
01,103,119213,58712,60501,14064,23688,15235,8846,13303,23055,16047,11566,27367,46743,31282,20412,1103
01,109,33333,15980,17353,3352,7868,3297,2213,3118,8564,3634,2733,6470,16432,6931,4946,1109
01,033,54771,26284,28487,5931,10306,6920,4546,5622,10727,7667,6098,11553,21033,14587,10644,1033
01,045,49277,24301,24976,5834,10352,5790,3590,5551,10031,6277,4491,11385,20383,12067,8081,1045
01,065,14809,7035,7774,1811,2549,1906,1219,1643,2877,2193,1558,3454,5426,4099,2777,1065
01,049,71310,35318,35992,9048,14104,8959,5258,8462,13779,9229,6625,17510,27883,18188,11883,1049
01,053,37057,18856,18201,4154,8176,4746,2831,4134,6776,4812,3735,8288,14952,9558,6566,1053
01,111,22647,11057,11590,2591,4080,2987,2077,2305,4243,3217,2545,4896,8323,6204,4622,1111
01,097,414114,197367,216747,49467,81357,49198,28066,48344,88094,54956,37273,97811,169451,104154,65339,1097
01,105,9293,4263,5030,944,1928,883,716,1063,1987,1266,1056,2007,3915,2149,1772,1105
01,029,14916,7309,7607,1711,2843,1963,1313,1672,2832,2072,1586,3383,5675,4035,2899,1029
01,035,12394,6078,6316,1434,2094,1650,1251,1170,2236,1827,1495,2604,4330,3477,2746,1035
01,005,25361,13421,11940,2661,6235,3069,2027,2646,4169,3324,2683,5307,10404,6393,4710,1005
01,007,22493,12150,10343,2603,5516,3034,1596,2028,4165,2752,1988,4631,9681,5786,3584,1007
01,015,114618,55141,59477,12800,22653,14370,8372,12152,23767,15808,11366,24952,46420,30178,19738,1015
01,025,24128,11403,12725,2646,4313,3112,2047,2641,4744,3588,2632,5287,9057,6700,4679,1025
01,057,16494,8138,8356,1913,2994,2254,1503,1567,3129,2288,1935,3480,6123,4542,3438,1057
31,149,1414,736,678,148,287,202,146,118,214,184,209,266,501,386,355,31149
31,163,3033,1531,1502,332,475,476,373,297,427,450,438,629,902,926,811,31163
22,011,37043,18833,18210,4741,8116,4186,2598,4442,7080,4491,3102,9183,15196,8677,5700,22011
22,013,13564,6397,7167,1438,2399,1782,1173,1634,2472,1933,1581,3072,4871,3715,2754,22013
22,015,126499,62397,64102,15988,28078,13246,7572,15533,26998,14516,9904,31521,55076,27762,17476,22015
22,023,6930,3355,3575,768,1201,1072,510,801,1276,1069,598,1569,2477,2141,1108,22023
22,037,19371,10783,8588,1948,4807,3084,1602,1574,3120,2826,1701,3522,7927,5910,3303,22037
22,095,43242,21197,22045,5434,8603,5495,2818,5286,8971,5841,3118,10720,17574,11336,5936,22095
22,075,23338,11744,11594,3262,4726,2949,1356,2835,4948,2711,1686,6097,9674,5660,3042,22075
22,073,155494,74589,80905,19870,31863,16486,9510,19165,34028,18669,12976,39035,65891,35155,22486,22073
22,117,46435,22925,23510,5761,8969,6008,3617,5420,8789,6139,4518,11181,17758,12147,8135,22117
22,097,83172,40138,43034,11503,15235,9927,5685,10817,16241,10880,7422,22320,31476,20807,13107,22097
22,001,62457,30442,32015,8388,12110,7469,4063,7964,12491,7963,5217,16352,24601,15432,9280,22001
22,101,50968,25211,25757,6410,9941,6403,3754,5933,9993,6622,4439,12343,19934,13025,8193,22101
22,103,255155,123830,131325,31102,48166,32677,18880,30350,50123,35322,22943,61452,98289,67999,41823,22103
22,111,22353,11150,11203,2570,4067,3105,2124,2364,3911,3228,2400,4934,7978,6333,4524,22111
22,017,245831,116446,129385,29671,47601,28329,17148,29163,51458,32660,23453,58834,99059,60989,40601,22017
22,005,123114,60828,62286,17195,26393,13654,6276,16037,26986,13940,7734,33232,53379,27594,14010,22005
22,055,241973,117992,123981,29216,54173,26730,13293,28287,54669,29688,17439,57503,108842,56418,30732,22055
22,045,71887,35150,36737,9468,13937,8824,4663,9410,14218,9228,5737,18878,28155,18052,10400,22045
22,061,47246,22972,24274,4814,12302,4143,2671,4695,12218,4793,3658,9509,24520,8936,6329,22061
22,091,10297,4977,5320,1119,2188,1144,856,1078,2217,1464,1085,2197,4405,2608,1941,22091
22,119,39242,19171,20071,4603,7373,4930,3286,4274,7327,5385,4281,8877,14700,10315,7567,22119
22,031,27289,13298,13991,3533,5069,3371,2065,3161,5376,3668,2634,6694,10445,7039,4699,22031
22,047,32822,16535,16287,3582,7391,4089,2183,3353,6771,4272,2790,6935,14162,8361,4973,22047
22,063,138928,68224,70704,18150,29735,15443,8032,17788,30196,16347,9909,35938,59931,31790,17941,22063
22,067,25610,12309,13301,3187,4745,3099,2012,3044,4812,3636,2654,6231,9557,6735,4666,22067
22,071,390845,185513,205332,39727,86172,45228,23655,38778,94757,50949,31626,78505,180929,96177,55281,22071
22,109,112054,55354,56700,14625,23290,12866,6962,13987,23079,13843,8565,28612,46369,26709,15527,22109
22,019,201619,98398,103221,25620,41616,22865,13058,24696,42267,25307,16324,50316,83883,48172,29382,22019
22,027,15985,9131,6854,1505,4502,2185,1364,1387,2338,1870,1650,2892,6840,4055,3014,22027
22,009,40669,20490,20179,4965,8653,5066,2960,4642,7629,5189,3837,9607,16282,10255,6797,22009
22,049,15879,8052,7827,1736,3347,2008,1405,1657,2791,2197,1783,3393,6138,4205,3188,22049
22,077,22016,10574,11442,2457,3804,3167,1957,2450,3960,3431,2487,4907,7764,6598,4444,22077
22,089,52773,26406,26367,7087,10502,6826,3232,5914,10887,7142,3648,13001,21389,13968,6880,22089
22,057,98108,48217,49891,11662,20285,12159,6563,11259,20353,12546,8194,22921,40638,24705,14757,22057
22,107,4561,2247,2314,607,721,640,476,478,720,719,608,1085,1441,1359,1084,22107
22,059,14936,7783,7153,1772,3469,1820,1125,1738,2743,1810,1369,3510,6212,3630,2494,22059
23,015,34201,16761,17440,3043,5507,5435,4251,2678,5457,5948,5012,5721,10964,11383,9263,23015
23,027,39539,19409,20130,3870,7050,5865,4068,3548,7127,6568,4545,7418,14177,12433,8613,23027
23,021,16836,8408,8428,1457,2591,2965,2220,1453,2645,2873,2139,2910,5236,5838,4359,23021
23,003,67809,33546,34263,6498,11697,10713,7255,5985,11472,10756,8626,12483,23169,21469,15881,23003
23,029,31491,15468,16023,3028,5221,4884,3509,2965,5267,5089,3973,5993,10488,9973,7482,23029
23,013,39759,19815,19944,3817,7127,6069,4387,3364,6449,6659,5260,7181,13576,12728,9647,23013
23,023,35452,17339,18113,3434,6221,5385,3547,3311,6251,5743,4181,6745,12472,11128,7728,23023
23,011,121753,59400,62353,12112,22953,17649,10638,11497,23295,18583,13007,23609,46248,36232,23645,23011
23,007,29982,14700,15282,2768,5313,4604,3105,2648,5617,4772,3332,5416,10930,9376,6437,23007
23,009,54601,26374,28227,4687,9315,8591,6023,4746,9404,9364,7106,9433,18719,17955,13129,23009
24,510,609032,286048,322984,63787,136009,65477,33271,62036,149120,78720,49450,125823,285129,144197,82721,24510
24,039,25729,13926,11803,2276,7328,3115,1929,2179,4965,3075,2245,4455,12293,6190,4174,24039
24,025,252222,123549,128673,29224,49981,33601,17467,27344,50449,35141,22381,56568,100430,68742,39848,24025
24,001,71445,37335,34110,6584,17174,9326,6239,5865,13445,9052,7930,12449,30619,18378,14169,24001
31,093,6417,3257,3160,830,1112,899,636,723,1057,935,718,1553,2169,1834,1354,31093
31,073,2013,1039,974,243,291,347,248,109,312,346,278,352,603,693,526,31073
31,153,181232,90695,90537,25618,40407,18855,9204,24364,38763,19849,11415,49982,79170,38704,20619,31153
31,015,1937,963,974,191,235,352,295,203,234,333,289,394,469,685,584,31015
31,059,5547,2748,2799,559,940,877,571,556,900,821,709,1115,1840,1698,1280,31059
31,091,693,324,369,35,98,113,111,80,91,86,115,115,189,199,226,31091
31,159,17171,8746,8425,2066,3689,2059,1326,1939,3263,2080,1586,4005,6952,4139,2912,31159
31,181,3537,1787,1750,412,616,514,351,394,536,500,441,806,1152,1014,792,31181
31,023,8029,4003,4026,917,1447,1125,746,985,1267,1173,896,1902,2714,2298,1642,31023
31,005,427,203,224,58,71,42,45,61,50,63,62,119,121,105,107,31005
31,067,21594,10854,10740,2615,3850,3025,2015,2268,3643,3084,2414,4883,7493,6109,4429,31067
31,099,6529,3236,3293,824,1206,848,562,812,1105,848,677,1636,2311,1696,1239,31099
31,119,35080,17447,17633,4446,7028,4349,2430,4370,6756,4324,3022,8816,13784,8673,5452,31119
31,137,9100,4562,4538,1139,1707,1219,781,1015,1503,1274,1040,2154,3210,2493,1821,31137
31,179,9332,4742,4590,1041,2223,1042,666,840,2174,1001,781,1881,4397,2043,1447,31179
31,107,8426,4177,4249,1030,1311,1196,916,1004,1206,1203,1145,2034,2517,2399,2061,31107
31,121,7798,3916,3882,864,1372,1138,765,873,1342,997,852,1737,2714,2135,1617,31121
31,133,2649,1262,1387,258,389,400,334,295,383,391,404,553,772,791,738,31133
31,183,783,413,370,85,140,135,81,72,106,120,106,157,246,255,187,31183
32,015,5643,3091,2552,866,1133,820,326,655,874,694,472,1521,2007,1514,798,32015
32,009,969,425,544,51,113,148,159,110,159,217,117,161,272,365,276,32009
32,021,4460,2216,2244,447,575,685,712,380,721,650,647,827,1296,1335,1359,32021
32,017,5180,2790,2390,449,1281,620,627,486,883,669,507,935,2164,1289,1134,32017
32,031,456936,230091,226845,51212,99132,57199,34868,48510,94806,59422,38022,99722,193938,116621,72890,32031
32,510,54773,28133,26640,5738,11436,7639,4956,5481,9498,7515,5901,11219,20934,15154,10857,32510
33,013,149917,73860,76057,14743,30482,21362,11756,14306,29467,22321,14560,29049,59949,43683,26316,33013
33,001,60887,30002,30885,5787,10646,9655,6183,5612,10616,10117,6854,11399,21262,19772,13037,33001
33,017,129124,63204,65920,12268,29570,16214,8397,11904,30136,16873,10441,24172,59706,33087,18838,33017
34,025,621659,302256,319403,67659,116851,87982,46409,65482,117957,94160,60193,133141,234808,182142,106602,34025
34,037,141483,70411,71072,14633,27076,22003,10909,13805,26342,22719,12754,28438,53418,44722,23663,34037
34,013,795404,382523,412881,96526,170140,87827,43637,92840,177081,98489,63281,189366,347221,186316,106918,34013
34,015,291165,141404,149761,32839,58471,38036,19473,31567,60226,41077,25321,64406,118697,79113,44794,34015
34,031,503637,245332,258305,61469,106007,57874,30580,59012,107624,63281,41317,120481,213631,121155,71897,34031
34,003,930390,451161,479229,101128,184663,119650,68448,97126,187917,129274,89967,198254,372580,248924,158415,34003
34,041,105862,51835,54027,10754,20357,15367,8209,10424,20065,16149,10429,21178,40422,31516,18638,34041
34,005,445702,219200,226502,47705,91786,58693,31980,46164,87101,64101,42188,93869,178887,122794,74168,34005
35,029,24083,12026,12057,3171,4494,2705,2355,3191,4166,2911,2584,6362,8660,5616,4939,35029
35,055,32786,16137,16649,2997,5639,5188,3812,2918,5365,5409,4468,5915,11004,10597,8280,35055
35,007,12168,6256,5912,1271,2052,1864,1546,973,1771,1901,1740,2244,3823,3765,3286,35007
35,021,441,242,199,12,48,97,122,49,61,51,50,61,109,148,172,35021
35,037,8326,3976,4350,850,1441,1018,947,1038,1289,1325,1074,1888,2730,2343,2021,35037
28,103,10700,4993,5707,1275,1968,1295,717,1406,2180,1369,989,2681,4148,2664,1706,28103
28,137,28404,13676,14728,3351,5678,3380,2026,3222,6059,3774,2554,6573,11737,7154,4580,28137
28,107,34190,16482,17708,4402,6536,3903,2302,4169,7057,4563,2947,8571,13593,8466,5249,28107
28,161,12367,5982,6385,1494,2176,1545,1093,1300,2361,1726,1346,2794,4537,3271,2439,28161
19,189,10534,5188,5346,1132,1988,1450,958,1154,1863,1430,1239,2286,3851,2880,2197,19189
19,165,11606,5682,5924,1340,1858,1674,1173,1247,1900,1691,1459,2587,3758,3365,2632,19165
19,007,12452,6138,6314,1402,2066,1825,1278,1331,2068,1721,1549,2733,4134,3546,2827,19007
19,095,16189,8020,8169,1903,2949,2209,1339,1817,2882,2228,1645,3720,5831,4437,2984,19095
19,145,15268,7996,7272,1635,3253,2154,1495,1410,2431,2170,1810,3045,5684,4324,3305,19145
19,191,20262,10058,10204,1966,4026,2728,1865,1784,4079,2827,2192,3750,8105,5555,4057,19191
19,155,93393,46036,47357,11351,18266,12043,6971,10640,17799,12725,8867,21991,36065,24768,15838,19155
19,127,39964,20308,19656,5274,7786,5166,3218,4790,7033,5067,3851,10064,14819,10233,7069,19127
19,015,26370,13203,13167,2989,5167,3727,2139,2735,4999,3733,2526,5724,10166,7460,4665,19015
19,021,20058,9999,10059,2596,4130,2433,1371,2598,3944,2332,1656,5194,8074,4765,3027,19021
19,089,9226,4613,4613,1214,1546,1317,858,1125,1485,1219,1008,2339,3031,2536,1866,19089
19,077,10669,5278,5391,1215,1796,1528,1071,1216,1695,1483,1287,2431,3491,3011,2358,19077
19,091,9554,4683,4871,1081,1672,1338,903,1146,1590,1350,1084,2227,3262,2688,1987,19091
19,121,16012,8101,7911,2130,3006,2174,1312,1833,2984,2087,1423,3963,5990,4261,2735,19121
72,061,86937,40939,45998,7476,17602,10389,7653,7141,17602,13253,10912,14617,35204,23642,18565,72061
72,053,31111,14504,16607,3159,6021,3091,2864,3083,6668,4028,3810,6242,12689,7119,6674,72053
72,007,25748,12480,13268,2592,5201,3145,2211,2493,5349,3651,2661,5085,10550,6796,4872,72007
72,065,39950,19174,20776,3871,8092,4808,3503,3667,8569,5454,4283,7538,16661,10262,7786,72065
72,133,21757,10496,11261,2465,4657,2382,1585,2361,5138,2639,1859,4826,9795,5021,3444,72133
72,097,75232,35879,39353,6790,15754,8225,7175,6422,15327,9851,10340,13212,31081,18076,17515,72097
72,119,49613,23868,25745,4892,10385,5630,4227,4684,10539,7016,5364,9576,20924,12646,9591,72119
72,011,26934,13016,13918,2580,5489,3413,2388,2423,5599,3874,2963,5003,11088,7287,5351,72011
72,033,24271,11461,12810,2552,4732,2916,1958,2411,5039,3534,2654,4963,9771,6450,4612,72033
72,055,16293,7853,8440,1709,3013,1858,1778,1602,3267,2071,1990,3311,6280,3929,3768,72055
72,087,25778,12001,13777,2723,4938,3108,1942,2693,5738,3770,2437,5416,10676,6878,4379,72087
72,085,37499,18022,19477,3997,7700,4312,3057,3644,8566,4959,3426,7641,16266,9271,6483,72085
72,145,52192,24963,27229,5295,10376,5887,4522,5054,10915,7357,5636,10349,21291,13244,10158,72145
05,073,6800,3440,3360,825,1116,977,718,498,1165,1108,864,1323,2281,2085,1582,5073
05,107,18606,8738,9868,2489,3087,2254,1474,2310,3577,2632,1901,4799,6664,4886,3375,5107
05,149,21464,10755,10709,2757,4094,2648,1701,2480,3969,2819,2044,5237,8063,5467,3745,5149
05,011,10874,5157,5717,1267,2001,1258,876,1329,2128,1452,1118,2596,4129,2710,1994,5011
05,113,20094,9720,10374,2268,3406,2553,2082,2404,3433,2744,2427,4672,6839,5297,4509,5113
05,103,23830,11371,12459,2914,3996,3150,2005,2517,4460,3669,2670,5431,8456,6819,4675,5103
05,081,12347,5966,6381,1427,2161,1498,1168,1311,2325,1775,1379,2738,4486,3273,2547,5081
05,091,43572,21369,22203,5403,8740,5131,3086,4965,8757,5706,4050,10368,17497,10837,7136,5091
05,145,78762,38474,40288,9478,16066,9361,5580,8974,16724,9681,7111,18452,32790,19042,12691,5145
06,033,64195,31865,32330,6710,11153,9536,6954,6690,10670,10415,7379,13400,21823,19951,14333,6033
06,115,76360,38950,37410,11051,17029,8096,4437,10027,15892,8570,4938,21078,32921,16666,9375,6115
06,035,30818,20332,10486,2480,12507,3981,2165,2122,3658,3267,2214,4602,16165,7248,4379,6035
06,097,499772,244045,255727,50585,100753,66471,41938,48605,98383,74093,52975,99190,199136,140564,94913,6097
06,025,180701,92752,87949,26496,42187,17381,10274,25357,35333,18708,12567,51853,77520,36089,22841,6025
06,001,1656754,814515,842239,175912,388872,187304,98059,168115,389305,199893,125967,344027,778177,387197,224026,6001
06,055,139623,69603,70020,15102,28514,17971,12026,14099,27724,18653,13942,29201,56238,36624,25968,6055
06,091,3040,1625,1415,264,517,613,450,218,369,550,442,482,886,1163,892,6091
06,113,217352,105438,111914,23303,53891,20651,11690,22723,56706,22296,14706,46026,110597,42947,26396,6113
06,057,99244,48947,50297,8816,16622,15478,12401,8283,15452,17530,13853,17099,32074,33008,26254,6057
06,045,87224,43242,43982,9508,16154,12101,8620,9194,15474,13033,9912,18702,31628,25134,18532,6045
06,037,10081570,4969382,5112188,1133162,2354249,1109132,578085,1081598,2316784,1192252,757893,2214760,4671033,2301384,1335978,6037
06,085,1927470,974422,953048,219548,463456,216854,113090,208834,426265,219586,141084,428382,889721,436440,254174,6085
06,093,43468,21708,21760,4581,7278,6327,5194,4245,6736,7176,5538,8826,14014,13503,10732,6093
06,015,27495,14745,12750,3058,6607,3630,2242,2862,4549,3681,2485,5920,11156,7311,4727,6015
08,015,19557,10488,9069,1590,4219,3068,2365,1354,2807,3168,2534,2944,7026,6236,4899,8015
08,045,59055,30109,28946,7675,12993,7321,3578,7305,12069,7094,3899,14980,25062,14415,7477,8045
08,059,574798,286412,288386,58987,126131,75093,41471,56092,118075,80327,50498,115079,244206,155420,91969,8059
08,103,6384,3260,3124,827,1254,884,503,720,1251,852,470,1547,2505,1736,973,8103
08,021,8128,4088,4040,1062,1435,1096,747,1102,1365,1039,766,2164,2800,2135,1513,8021
08,001,504108,254500,249608,69449,120012,50985,22917,66411,112855,51941,28188,135860,232867,102926,51105,8001
08,037,54681,29060,25621,6237,13853,7525,3051,5756,11931,6549,2826,11993,25784,14074,5877,8037
08,081,13127,6797,6330,1828,2725,1657,894,1533,2456,1707,914,3361,5181,3364,1808,8081
08,017,2026,1012,1014,304,336,292,125,304,290,257,210,608,626,549,335,8017
01,101,226941,107049,119892,26998,46908,24555,13837,26442,50965,29309,19270,53440,97873,53864,33107,1101
01,095,95643,47230,48413,12320,18824,11602,6981,11567,18293,12201,9112,23887,37117,23803,16093,1095
01,009,57681,28495,29186,6827,11375,7212,4609,6562,11182,7496,5717,13389,22557,14708,10326,1009
01,067,17133,8319,8814,1898,3084,2258,1651,1698,3141,2498,2134,3596,6225,4756,3785,1067
01,089,362276,176935,185341,40560,75641,45153,23244,39127,77058,48420,29907,79687,152699,93573,53151,1089
01,001,55380,26934,28446,6770,11285,6369,3594,6435,11774,6841,4689,13205,23059,13210,8283,1001
01,123,40541,19573,20968,4279,7040,5550,3875,4190,7421,6144,4630,8469,14461,11694,8505,1123
01,061,26417,12835,13582,2953,4716,3679,2325,2865,4754,3945,2950,5818,9470,7624,5275,1061
01,131,10681,5014,5667,1233,1923,1214,888,1344,2059,1516,1138,2577,3982,2730,2026,1131
02,016,5698,3380,2318,493,1864,951,164,489,1064,667,183,982,2928,1618,347,2016
02,060,875,524,351,89,221,181,54,91,118,120,33,180,339,301,87,2060
02,150,13451,7221,6230,1876,3293,1763,646,1585,2829,1449,673,3461,6122,3212,1319,2150
02,188,7715,4189,3526,1420,1816,778,269,1300,1397,650,306,2720,3213,1428,575,2188
47,107,53053,25838,27215,5664,10048,7074,4673,5584,10362,7356,5603,11248,20410,14430,10276,47107
47,117,32965,16235,16730,4103,6574,4033,2307,3698,6590,4599,2876,7801,13164,8632,5183,47117
47,143,32719,16199,16520,3839,6382,4167,2709,3753,6245,4382,3174,7592,12627,8549,5883,47143
47,151,21969,10857,11112,2698,4354,2866,1649,2610,4256,2873,1984,5308,8610,5739,3633,47151
47,001,76061,37152,38909,8262,14384,10065,6597,7828,14136,11137,8390,16090,28520,21202,14987,47001
47,049,18213,9084,9129,1981,3389,2658,1768,1871,3111,2878,2064,3852,6500,5536,3832,47049
47,053,49228,23623,25605,5978,9172,5815,3690,5903,9602,6404,5020,11881,18774,12219,8710,47053
47,069,25443,14252,11191,2607,6953,3422,2068,2216,4003,3188,2484,4823,10956,6610,4552,47069
47,105,52340,25614,26726,5218,8646,7580,6365,5078,8701,8145,7157,10296,17347,15725,13522,47105
47,149,315815,155575,160240,39962,75544,31578,14199,38211,76313,33765,18006,78173,151857,65343,32205,47149
47,159,19740,9868,9872,2455,3723,2715,1453,2126,3755,2820,1777,4581,7478,5535,3230,47159
47,189,136666,67205,69461,16739,27373,17325,9607,15769,27807,18563,11468,32508,55180,35888,21075,47189
47,171,17811,9006,8805,1624,3555,2625,1888,1461,3051,2596,2240,3085,6606,5221,4128,47171
35,027,19461,9554,9907,1870,2908,2900,2634,1711,2889,3530,2841,3581,5797,6430,5475,35027
35,005,65144,32537,32607,9103,13061,7280,4603,8336,12596,7848,5497,17439,25657,15128,10100,35005
35,025,70277,36269,34008,10944,15932,7228,3494,10197,14165,6667,4276,21141,30097,13895,7770,35025
35,049,149293,72380,76913,13763,27116,21660,15784,13727,26522,24696,18754,27490,53638,46356,34538,35049
35,059,4133,2221,1912,324,1120,530,347,512,606,474,469,836,1726,1004,816,35059
35,051,11031,5463,5568,885,1456,1592,1962,858,1369,1929,1959,1743,2825,3521,3921,35051
35,053,16858,8815,8043,2221,3460,2188,1562,1622,3070,2191,1616,3843,6530,4379,3178,35053
35,041,18888,9401,9487,2354,4463,1761,1215,2252,4275,1958,1407,4606,8738,3719,2622,35041
35,013,216069,106056,110013,27211,47067,21517,15454,26403,47114,24393,17586,53614,94181,45910,33040,35013
35,028,18625,9463,9162,2224,3544,2650,1554,2022,3317,2602,1706,4246,6861,5252,3260,35028
35,039,39159,18819,20340,4251,7198,5117,3363,4960,7220,5671,3943,9211,14418,10788,7306,35039
35,047,27738,13825,13913,2667,5451,3939,2658,2614,5164,4151,3054,5281,10615,8090,5712,35047
35,061,76027,38244,37783,9399,15122,9817,6130,8629,14234,10416,6952,18028,29356,20233,13082,35061
35,057,15519,8251,7268,1733,3293,2200,1590,1543,2470,2312,1530,3276,5763,4512,3120,35057
35,001,677858,332204,345654,76360,146653,78817,47272,73199,144456,87610,59656,149559,291109,166427,106928,35001
35,035,66137,34214,31923,7959,15125,7394,5343,7487,12413,8140,5905,15446,27538,15534,11248,35035
35,006,26891,13612,13279,3082,6120,3082,1878,3288,5035,3382,2319,6370,11155,6464,4197,35006
35,011,2040,1043,997,387,257,257,214,310,374,192,187,697,631,449,401,35011
35,019,4353,2556,1797,509,1112,617,483,322,567,545,466,831,1679,1162,949,35019
35,003,3526,1944,1582,277,458,699,799,263,318,631,507,540,776,1330,1306,35003
36,005,1435068,676437,758631,182674,309909,137735,70409,175730,336599,169653,109252,358404,646508,307388,179661,36005
36,067,462872,223287,239585,50614,92670,58214,33241,48469,97157,63800,43592,99083,189827,122014,76833,36067
36,019,80583,41257,39326,7372,19080,10963,6065,7156,16401,10724,7153,14528,35481,21687,13218,36019
36,099,34390,17957,16433,3573,7615,4746,2941,3306,5927,4862,3472,6879,13542,9608,6413,36099
36,079,98787,49221,49566,10033,19701,14810,7519,9835,18590,15192,8985,19868,38291,30002,16504,36079
36,043,62057,30721,31336,6607,11532,8867,5681,6263,11285,9238,6802,12870,22817,18105,12483,36043
36,069,109511,53619,55892,11410,20625,15449,9474,10909,20578,16575,11733,22319,41203,32024,21207,36069
36,101,96422,48131,48291,10820,18183,13857,8387,10086,17670,13785,9864,20906,35853,27642,18251,36101
36,041,4515,2264,2251,319,629,819,681,306,632,785,685,625,1261,1604,1366,36041
36,013,128496,63355,65141,13338,24831,17838,11230,12982,23999,18497,13927,26320,48830,36335,25157,36013
36,047,2589974,1227099,1362875,304072,579195,250993,143616,290574,624586,304866,208678,594646,1203781,555859,352294,36047
36,107,48686,24144,24542,5251,8845,6983,4432,5020,8489,7506,5172,10271,17334,14489,9604,36107
36,073,40904,20443,20461,4161,8228,6050,3228,3893,7888,5908,3870,8054,16116,11958,7098,36073
36,091,228502,113004,115498,23724,46353,31279,18128,22765,44796,33038,22063,46489,91149,64317,40191,36091
36,021,60371,30178,30193,5574,10747,9517,6521,5077,10351,9705,7415,10651,21098,19222,13936,36021
36,049,26572,13307,13265,3063,4973,3759,2243,3064,4710,3703,2512,6127,9683,7462,4755,36049
36,119,968890,469169,499721,111010,192254,119548,68636,104091,196469,131109,93575,215101,388723,250657,162211,36119
36,025,44995,22703,22292,3948,8226,7096,5200,3738,7684,6956,5588,7686,15910,14052,10788,36025
36,057,49302,24255,25047,5811,9324,6475,4029,5495,9365,6639,4991,11306,18689,13114,9020,36057
36,085,474893,230060,244833,53437,96897,59276,32435,50801,99101,65471,43007,104238,195998,124747,75442,36085
36,089,108913,55356,53557,11366,24253,14312,8458,10807,21672,14169,9940,22173,45925,28481,18398,36089
36,109,102642,50677,51965,8076,27918,10658,6453,7192,28037,11570,7842,15268,55955,22228,14295,36109
36,113,64276,31642,32634,6160,11701,9680,6396,5648,11597,10188,7491,11808,23298,19868,13887,36113
36,023,47865,23443,24422,4806,10550,5948,3466,4361,11210,6084,4202,9167,21760,12032,7668,36023
36,027,293754,146061,147693,28697,61554,41177,22380,27499,58782,41650,27796,56196,120336,82827,50176,36027
56,031,8582,4531,4051,893,1545,1385,1001,659,1321,1312,1048,1552,2866,2697,2049,56031
56,033,30140,15015,15125,3239,5720,4149,2968,3197,5486,4227,3199,6436,11206,8376,6167,56033
56,003,11882,6071,5811,1574,2108,1477,1238,1440,1930,1507,1263,3014,4038,2984,2501,56003
56,011,7472,3745,3727,884,1273,1078,724,956,1151,1186,706,1840,2424,2264,1430,56011
56,029,29148,14347,14801,3081,5051,4343,3099,2934,5214,4422,3360,6015,10265,8765,6459,56029
56,001,38390,19931,18459,3236,12073,3327,2081,2968,10508,3549,2244,6204,22581,6876,4325,56001
56,007,15247,8179,7068,1882,3412,2078,1243,1682,2638,1947,1246,3564,6050,4025,2489,56007
56,015,13342,6789,6553,1260,2665,1878,1369,1451,2179,1824,1509,2711,4844,3702,2878,56015
56,041,20479,10406,10073,3112,3929,2566,1325,2861,3887,2520,1340,5973,7816,5086,2665,56041
56,043,8027,4065,3962,997,1391,1176,800,981,1284,1034,893,1978,2675,2210,1693,56043
56,017,4607,2312,2295,529,731,745,531,383,827,664,573,912,1558,1409,1104,56017
56,013,39812,20034,19778,5199,7405,5367,3369,4858,7159,5226,3741,10057,14564,10593,7110,56013
56,035,9880,5478,4402,1293,2025,1620,933,1039,1557,1327,825,2332,3582,2947,1758,56035
56,045,7049,3719,3330,767,1426,1166,661,715,1128,954,709,1482,2554,2120,1370,56045
72,009,22988,11030,11958,2258,4393,3129,1999,2177,4495,3391,2572,4435,8888,6520,4571,72009
72,077,38780,18449,20331,4211,8351,4125,2755,4113,9217,4854,3281,8324,17568,8979,6036,72077
72,079,22835,11106,11729,2150,4425,2994,2390,1991,4339,3238,2978,4141,8764,6232,5368,72079
72,001,17891,8912,8979,2051,3474,2481,1565,1643,3620,2511,1769,3694,7094,4992,3334,72001
72,027,31598,15109,16489,2996,6412,3935,2752,3012,6696,4522,3315,6008,13108,8457,6067,72027
72,103,26075,12199,13876,2913,5202,2771,2071,2902,6135,3188,2469,5815,11337,5959,4540,72103
72,105,28112,13801,14311,2867,5740,3405,2377,2815,5664,3889,2803,5682,11404,7294,5180,72105
72,013,85390,40820,44570,8298,17102,10004,7698,7798,17652,11664,10262,16096,34754,21668,17960,72013
72,015,17805,8324,9481,2042,3339,1913,1482,1844,3988,2373,1855,3886,7327,4286,3337,72015
72,115,23629,11383,12246,2355,4750,2921,2086,2311,4891,3306,2532,4666,9641,6227,4618,72115
72,057,40889,20284,20605,4287,9318,4597,3165,4098,8460,5229,3969,8385,17778,9826,7134,72057
72,049,1311,668,643,141,236,165,154,114,273,136,152,255,509,301,306,72049
72,063,46910,22145,24765,4853,10041,5240,3242,4799,11121,6178,3972,9652,21162,11418,7214,72063
72,017,24079,11413,12666,2510,4910,2556,2039,2396,5541,2914,2516,4906,10451,5470,4555,72017
72,153,35428,16959,18469,3515,6625,4628,3303,3237,7025,5256,4229,6752,13650,9884,7532,72153
72,005,52803,25582,27221,5415,10442,6174,5034,4939,10674,7467,6000,10354,21116,13641,11034,72005
72,023,48487,22960,25527,4513,9327,5712,4824,4443,10176,6391,6086,8956,19503,12103,10910,72023
72,109,16929,8245,8684,1625,3185,2427,1612,1538,3222,2600,1963,3163,6407,5027,3575,72109
72,149,22403,10856,11547,2506,4441,2772,1694,2350,4669,3127,2051,4856,9110,5899,3745,72149
72,031,153779,70331,83448,14390,29959,16161,13364,14196,33168,21519,19931,28586,63127,37680,33295,72031
72,035,43785,21008,22777,4159,8590,5716,4024,4160,9218,6092,4687,8319,17808,11808,8711,72035
72,069,52507,24767,27740,5097,9991,6559,4916,4940,10823,7570,6178,10037,20814,14129,11094,72069
72,101,30962,15360,15602,3366,6546,3855,2315,3198,6826,3995,2434,6564,13372,7850,4749,72101
72,139,66338,31164,35174,6871,13405,7695,5070,6306,14597,9420,7068,13177,28002,17115,12138,72139
72,091,38836,18281,20555,4029,7245,4804,3465,3774,8051,5302,4594,7803,15296,10106,8059,72091
72,111,20383,9881,10502,2341,4056,2526,1536,2331,4326,2688,1716,4672,8382,5214,3252,72111
72,117,14056,6783,7273,1265,2566,1939,1519,1192,2714,2035,1850,2457,5280,3974,3369,72117
72,125,31442,15281,16161,3138,5952,3909,3349,2856,6042,4138,4127,5994,11994,8047,7476,72125
72,131,37120,18024,19096,3681,6955,4699,3892,3483,7106,5364,4443,7164,14061,10063,8335,72131
36,055,743341,358722,384619,79511,151848,92228,54157,76421,157289,100705,71187,155932,309137,192933,125344,36055
36,065,229959,114666,115293,25087,47092,30193,18519,23838,43511,30866,23756,48925,90603,61059,42275,36065
36,111,178665,88488,90177,16034,36677,25773,15426,15891,34653,26922,18828,31925,71330,52695,34254,36111
36,015,84895,42056,42839,9221,16937,11336,6903,9106,15626,12068,8711,18327,32563,23404,15614,36015
36,051,63591,31998,31593,5866,14011,8791,5026,5524,13140,8800,5903,11390,27151,17591,10929,36051
36,077,59972,28923,31049,4958,12128,8151,5702,4745,13028,8551,6631,9703,25156,16702,12333,36077
36,039,47424,24796,22628,4143,10171,7482,4857,3766,7985,7354,5405,7909,18156,14836,10262,36039
36,001,306968,148624,158344,29035,68562,37176,21623,27865,70020,39968,29068,56900,138582,77144,50691,36001
36,003,46688,23678,23010,4902,9870,6357,4096,4539,9241,6213,4500,9441,19111,12570,8596,36003
36,009,77121,38322,38799,8830,14357,10678,6643,8354,14118,11024,7784,17184,28475,21702,14427,36009
36,053,71205,35171,36034,7033,14354,10315,5754,6782,14366,10422,6796,13815,28720,20737,12550,36053
36,093,154859,75505,79354,17227,31582,19310,11223,16247,31586,21286,14832,33474,63168,40596,26055,36093
36,037,57808,28941,28867,5924,11503,8355,4765,5833,10604,8183,5828,11757,22107,16538,10593,36037
36,123,25011,11952,13059,2727,4350,3229,2347,2828,4773,3605,2683,5555,9123,6834,5030,36123
37,079,21033,11674,9359,2412,5547,2840,1448,1901,3413,2719,1868,4313,8960,5559,3316,37079
37,121,15004,7476,7528,1510,2704,2176,1692,1300,2528,2247,1966,2810,5232,4423,3658,37121
37,041,14097,6575,7522,1385,2227,1959,1470,1527,2278,2356,1945,2912,4505,4315,3415,37041
37,005,11008,5404,5604,913,1870,1736,1358,1005,1699,1662,1559,1918,3569,3398,2917,37005
37,027,81884,40432,41452,8471,15771,11628,7117,8219,15147,12059,8715,16690,30918,23687,15832,37027
37,035,157613,77099,80514,18031,30731,20461,12139,17219,31071,21713,15396,35250,61802,42174,27535,37035
37,045,97282,47012,50270,10993,18173,12776,7685,10419,19214,13642,10007,21412,37387,26418,17692,37045
37,049,102491,51769,50722,11213,23443,11559,8611,11124,19334,13092,10566,22337,42777,24651,19177,37049
37,065,52648,24421,28227,6165,9018,6816,4142,5847,10336,8061,5843,12012,19354,14877,9985,37065
37,077,59328,30241,29087,6371,12711,8558,4384,5930,11104,8366,5474,12301,23815,16924,9858,37077
37,085,132283,65571,66712,17905,29765,13488,6955,16996,29190,14468,9134,34901,58955,27956,16089,37085
37,093,53957,26783,27174,7702,12591,5141,2326,7209,12372,5790,2867,14911,24963,10931,5193,37093
37,089,114913,55243,59670,11315,19441,15448,12986,10746,19775,17700,16246,22061,39216,33148,29232,37089
37,095,5213,2745,2468,560,1225,709,484,531,837,624,528,1091,2062,1333,1012,37095
37,097,175538,86425,89113,20747,35399,22712,12199,19914,35226,23779,15101,40661,70625,46491,27300,37097
37,119,1074475,516517,557958,129830,249208,106571,49109,126428,264747,122237,68183,256258,513955,228808,117292,37119
37,131,19946,9699,10247,1852,3420,3072,2157,1685,3134,3444,2843,3537,6554,6516,5000,37131
37,147,178433,83978,94455,19765,40841,17600,9695,18648,46513,20317,13164,38413,87354,37917,22859,37147
37,159,140296,69468,70828,16239,27862,18377,10777,15201,27561,18742,13345,31440,55423,37119,24122,37159
37,181,44479,20751,23728,5341,8019,5246,3327,5273,8819,6343,4623,10614,16838,11589,7950,37181
37,039,27969,13716,14253,2495,4329,4243,3803,2250,4251,5018,4294,4745,8580,9261,8097,37039
37,053,26363,13103,13260,2989,5070,3878,1949,2848,5021,3857,2228,5837,10091,7735,4177,37053
37,179,231053,113824,117229,32163,46474,27058,12679,30805,48273,27423,15823,62968,94747,54481,28502,37179
37,193,68469,33733,34736,7218,12590,9756,6358,6876,12200,9909,8010,14094,24790,19665,14368,37193
37,127,94030,45074,48956,10647,17584,12462,7171,10235,18496,13757,9556,20882,36080,26219,16727,37127
37,003,37213,18940,18273,3740,7783,5298,3276,3828,6520,5123,3972,7568,14303,10421,7248,37003
37,055,36222,18110,18112,3786,6509,5441,3570,3195,6383,5976,3929,6981,12892,11417,7499,37055
37,185,19898,9884,10014,1853,3589,3083,2178,1791,3179,3256,2710,3644,6768,6339,4888,37185
37,195,81435,38537,42898,9601,14968,10246,6026,9231,16495,11657,8203,18832,31463,21903,14229,37195
37,073,11548,5641,5907,1167,2031,1806,1051,1194,2045,1886,1232,2361,4076,3692,2283,37073
37,075,8509,4136,4373,887,1451,1200,900,862,1451,1284,1071,1749,2902,2484,1971,37075
37,115,21499,10526,10973,2005,4204,2875,2120,1919,4129,3031,2563,3924,8333,5906,4683,37115
37,137,12701,6464,6237,992,2259,1944,1783,937,1811,2185,1917,1929,4070,4129,3700,37137
37,149,20557,9719,10838,1643,3077,3101,2761,1731,3017,3645,3442,3374,6094,6746,6203,37149
37,151,143118,70546,72572,16700,27647,18762,11151,15991,27546,19488,13691,32691,55193,38250,24842,37151
37,169,45781,22256,23525,4331,8330,6961,4116,4483,8520,6780,5183,8814,16850,13741,9299,37169
37,187,11922,5591,6331,1286,1903,1562,1224,1132,2195,1848,1590,2418,4098,3410,2814,37187
37,043,10946,5213,5733,964,1601,1587,1504,952,1609,2083,1794,1916,3210,3670,3298,37043
37,051,332861,165585,167276,41737,83237,30511,16233,40571,75345,36281,22289,82308,158582,66792,38522,37051
37,081,527868,249974,277894,60034,109066,59278,33215,58110,121820,67646,44995,118144,230886,126924,78210,37081
37,099,42938,20985,21953,3779,9681,4957,3809,3431,9948,5601,4461,7210,19629,10558,8270,37099
37,139,39514,19268,20246,4504,8233,4718,2801,4307,7981,5479,3717,8811,16214,10197,6518,37139
37,155,132596,63995,68601,17030,26734,15130,8425,16375,28060,16692,11087,33405,54794,31822,19512,37155
37,173,14260,6966,7294,1692,2603,1878,1236,1594,2775,1946,1468,3286,5378,3824,2704,37173
37,183,1069079,519794,549285,131144,243387,112697,52024,127331,252844,124243,68355,258475,496231,236940,120379,37183
37,007,24902,13056,11846,2418,6001,3528,1924,2413,4400,3412,2537,4831,10401,6940,4461,37007
37,111,45227,22752,22475,5111,8835,6020,4097,4147,8198,6778,4894,9258,17033,12798,8991,37111
37,069,66362,32942,33420,7534,13424,8990,4829,7182,12716,9531,6079,14716,26140,18521,10908,37069
37,103,9594,4750,4844,1080,1561,1469,959,733,1656,1556,1232,1813,3217,3025,2191,37103
37,113,34813,16864,17949,3368,5559,4803,4365,3026,5403,5694,5504,6394,10962,10497,9869,37113
37,019,131815,63419,68396,10652,19378,21629,19297,9975,19962,25377,20926,20627,39340,47006,40223,37019
37,175,33775,16252,17523,2800,5407,4631,4608,2606,5598,5468,5504,5406,11005,10099,10112,37175
37,013,47168,22529,24639,4954,7761,6497,4910,4654,8430,7442,6103,9608,16191,13939,11013,37013
37,047,56068,27857,28211,6070,11478,7409,4688,5891,10157,7620,6248,11961,21635,15029,10936,37047
37,109,82919,41244,41675,9303,16082,11896,6441,8461,15901,12456,7660,17764,31983,24352,14101,37109
37,123,27252,13345,13907,3048,5075,3714,2472,3054,4992,3884,2904,6102,10067,7598,5376,37123
37,135,144836,69204,75632,14750,33197,16003,8616,13767,37040,17890,10787,28517,70237,33893,19403,37135
37,153,44997,22048,22949,5266,8845,5702,3408,4991,8854,6024,4439,10257,17699,11726,7847,37153
37,163,63385,31127,32258,7951,12271,8005,4721,7605,12006,8375,6324,15556,24277,16380,11045,37163
37,171,71971,34908,37063,7668,13399,9861,6351,7726,13316,10548,8125,15394,26715,20409,14476,37171
37,011,17506,9616,7890,1298,4505,2537,1772,1282,2866,2401,2031,2580,7371,4938,3803,37011
37,021,256886,123240,133646,24735,52576,31992,21710,23421,53965,37149,28215,48156,106541,69141,49925,37021
37,025,206615,100729,105886,27388,43111,22752,11661,25922,44860,24587,15228,53310,87971,47339,26889,37025
37,033,22684,11395,11289,2121,4610,3257,2063,2148,3749,3641,2632,4269,8359,6898,4695,37033
37,059,42257,20485,21772,4602,7435,5913,3855,4413,7655,6262,4700,9015,15090,12175,8555,37059
37,057,165381,80791,84590,18708,31320,22329,13114,17946,32065,23401,16369,36654,63385,45730,29483,37057
37,061,58967,28715,30252,7388,10917,7605,4635,6931,11127,7888,5945,14319,22044,15493,10580,37061
37,063,311848,149039,162809,33466,73804,31803,16456,32355,78150,37747,22810,65821,151954,69550,39266,37063
37,091,24012,11901,12111,2304,5183,3167,1960,2259,4349,3736,2693,4563,9532,6903,4653,37091
37,105,60481,29309,31172,7459,11838,7349,4214,7292,12231,7742,5531,14751,24069,15091,9745,37105
37,129,227938,108794,119144,21818,49833,26183,17027,20857,52718,30870,22233,42675,102551,57053,39260,37129
37,141,60399,29972,30427,6837,11746,8294,4925,6637,11241,8658,5787,13474,22987,16952,10712,37141
37,191,123603,60358,63245,15043,25344,14374,8387,14369,24922,16031,11381,29412,50266,30405,19768,37191
37,165,35076,17293,17783,4104,7313,4289,2594,3942,6728,4896,3515,8046,14041,9185,6109,37165
37,189,54925,27313,27612,3692,15062,6076,3979,3460,14722,6322,4528,7152,29784,12398,8507,37189
37,083,51190,24757,26433,5763,9276,7062,4338,5248,9227,7967,5963,11011,18503,15029,10301,37083
37,001,163324,77542,85782,18689,31906,19452,11428,17849,35126,21857,15737,36538,67032,41309,27165,37001
37,177,4095,2356,1739,292,1151,654,349,278,569,551,470,570,1720,1205,819,37177
38,089,31081,15927,15154,4031,7103,3586,1789,4010,6235,3245,2250,8041,13338,6831,4039,38089
38,103,3976,1980,1996,435,554,666,476,416,522,635,581,851,1076,1301,1057,38103
38,013,2182,1187,995,345,393,336,172,250,359,245,197,595,752,581,369,38013
38,061,10321,5558,4763,1383,2576,1229,583,1406,1917,1096,584,2789,4493,2325,1167,38061
38,105,35208,19250,15958,5340,9377,3639,1446,4540,7057,3143,1759,9880,16434,6782,3205,38105
38,007,922,516,406,121,188,160,96,76,121,127,101,197,309,287,197,38007
38,043,2466,1320,1146,289,426,411,266,239,318,390,259,528,744,801,525,38043
38,019,3803,1948,1855,437,591,604,484,376,512,516,546,813,1103,1120,1030,38019
38,037,2353,1204,1149,235,360,353,350,252,328,312,334,487,688,665,684,38037
38,049,5878,3004,2874,712,1069,834,563,685,950,779,623,1397,2019,1613,1186,38049
38,091,1744,918,826,157,270,368,198,185,256,254,208,342,526,622,406,38091
38,005,6873,3522,3351,1242,1215,764,457,1146,1149,796,457,2388,2364,1560,914,38005
38,045,4125,2132,1993,478,657,616,515,393,620,552,542,871,1277,1168,1057,38045
38,059,30868,15564,15304,3429,6754,3951,2249,3283,6280,3876,2686,6712,13034,7827,4935,38059
38,025,4395,2301,2094,519,840,739,364,534,707,612,368,1053,1547,1351,732,38025
38,051,2597,1311,1286,262,395,386,337,189,338,353,474,451,733,739,811,38051
38,063,2894,1465,1429,266,460,484,380,265,395,451,410,531,855,935,790,38063
38,079,14511,7188,7323,2506,2679,1523,758,2399,2723,1584,880,4905,5402,3107,1638,38079
38,099,10751,5512,5239,1320,1895,1605,1023,1132,1694,1487,1225,2452,3589,3092,2248,38099
38,009,6502,3393,3109,741,1194,991,715,639,1019,882,775,1380,2213,1873,1490,38009
38,003,10706,5325,5381,1004,1997,1625,1051,1020,1896,1565,1291,2024,3893,3190,2342,38003
38,035,70224,36394,33830,7572,19338,7046,3874,7012,16541,6993,4756,14584,35879,14039,8630,38035
38,053,13334,7266,6068,2247,3221,1517,552,1965,2485,1151,605,4212,5706,2668,1157,38053
38,055,9584,4964,4620,1092,1666,1464,1083,973,1488,1420,1111,2065,3154,2884,2194,38055
38,069,4126,2043,2083,444,706,594,404,436,660,618,578,880,1366,1212,982,38069
38,075,2442,1238,1204,280,491,337,210,326,427,298,215,606,918,635,425,38075
38,011,3148,1561,1587,381,562,393,299,389,515,404,348,770,1077,797,647,38011
38,015,94793,47528,47265,11305,20919,11128,6501,10669,19031,11810,8306,21974,39950,22938,14807,38015
38,047,1872,974,898,205,276,320,236,175,233,258,288,380,509,578,524,38047
38,065,1842,944,898,264,219,317,221,221,258,299,211,485,477,616,432,38065
38,093,20965,10714,10251,2105,4502,2967,1783,2091,3853,2777,2179,4196,8355,5744,3962,38093
38,071,11583,5908,5675,1381,2190,1659,1011,1311,1961,1513,1211,2692,4151,3172,2222,38071
38,031,3260,1599,1661,316,559,479,326,381,527,424,408,697,1086,903,734,38031
38,039,2409,1219,1190,279,357,368,349,231,329,345,366,510,686,713,715,38039
38,083,1409,718,691,110,254,220,184,121,184,199,234,231,438,419,418,38083
38,087,742,362,380,67,134,93,86,81,101,118,111,148,235,211,197,38087
39,159,56707,27323,29384,7215,11644,6561,3027,6774,13276,6803,3772,13989,24920,13364,6799,39159
39,131,28000,13818,14182,3353,5334,3661,2230,3148,5251,3992,2685,6501,10585,7653,4915,39131
39,125,18809,9413,9396,2264,3477,2675,1545,2194,3342,2554,1869,4458,6819,5229,3414,39125
39,061,813589,392738,420851,95429,168970,95329,52040,92470,174015,106090,70411,187899,342985,201419,122451,39061
39,049,1290360,629722,660638,153341,304848,132366,64179,148339,308560,146278,87232,301680,613408,278644,151411,39049
39,101,65299,34643,30656,7035,15283,9186,5074,6712,11225,8463,6192,13747,26508,17649,11266,39101
39,157,92335,45476,46859,10762,17400,12440,7783,10338,16844,12846,9971,21100,34244,25286,17754,39157
39,169,116099,57717,58382,14768,22442,14708,8981,13547,21988,15269,11130,28315,44430,29977,20111,39169
39,015,43572,21681,21891,5084,8197,5998,3705,4930,8026,5886,4195,10014,16223,11884,7900,39015
39,017,380019,186236,193783,45863,79945,45135,24167,43924,81428,48025,30440,89787,161373,93160,54607,39017
39,067,15211,7489,7722,1592,2548,2407,1487,1605,2561,2332,1699,3197,5109,4739,3186,39067
39,083,61481,29878,31603,7080,11791,7905,4890,6951,12247,8250,6016,14031,24038,16155,10906,39083
39,089,173750,85151,88599,20763,34049,22385,12411,19686,34742,23767,15586,40449,68791,46152,27997,39089
39,139,121100,61468,59632,13400,25868,15585,9981,12862,21116,16218,13250,26262,46984,31803,23231,39139
39,163,13083,6597,6486,1519,2513,1856,1054,1440,2400,1849,1172,2959,4913,3705,2226,39163
39,019,27332,13743,13589,2955,4824,4316,2707,2752,4658,4103,2979,5707,9482,8419,5686,39019
39,063,75837,37499,38338,8555,15530,9761,5560,8382,15215,9828,7063,16937,30745,19589,12623,39063
39,025,204275,100551,103724,24215,40530,26828,14446,23383,39858,28423,17715,47598,80388,55251,32161,39025
39,045,154457,76903,77554,19112,31667,19518,10610,18114,30400,20241,13149,37226,62067,39759,23759,39045
39,039,38160,19028,19132,4597,7477,4929,3162,4197,7309,4938,3783,8794,14786,9867,6945,39039
39,071,43016,21048,21968,5317,8027,5494,3462,4991,8055,5985,4261,10308,16082,11479,7723,39071
39,069,27208,13387,13821,3165,5119,3659,2213,3231,5009,3668,2687,6396,10128,7327,4900,39069
39,081,66371,32276,34095,6698,12217,9643,6140,6134,12500,10148,7810,12832,24717,19791,13950,39081
39,133,162511,79755,82756,15746,35451,20772,11907,14948,36618,21676,13924,30694,72069,42448,25831,39133
39,137,33911,16944,16967,4390,6268,4629,2616,4266,6003,4509,3106,8656,12271,9138,5722,39137
39,013,68024,34882,33142,6716,14340,10126,6095,6179,11537,9966,7735,12895,25877,20092,13830,39013
39,027,41957,20750,21207,5059,8079,5593,3164,4740,8207,5593,3787,9799,16286,11186,6951,39027
39,047,28620,13972,14648,3468,5464,3543,2198,3301,5647,3825,2761,6769,11111,7368,4959,39047
39,127,36022,18001,18021,4346,7057,5019,2678,4184,6846,4871,3168,8530,13903,9890,5846,39127
39,129,57762,30389,27373,6278,13963,7572,3998,6238,10650,7165,4953,12516,24613,14737,8951,39129
39,097,44135,23954,20181,4598,11408,6017,3008,4475,7649,5449,3706,9073,19057,11466,6714,39097
39,119,86131,41716,44415,10016,16631,10832,6476,9702,16997,11875,8561,19718,33628,22707,15037,39119
39,143,59029,29301,29728,7064,11022,8050,4817,6330,10874,8398,6080,13394,21896,16448,10897,39143
39,161,28261,13936,14325,3353,5295,3772,2316,3267,5098,3860,2914,6620,10393,7632,5230,39161
39,167,60426,29883,30543,6102,11524,8620,5495,5786,11134,9002,6881,11888,22658,17622,12376,39167
39,011,45729,22693,23036,5578,8549,6192,3626,5483,8167,6168,4560,11061,16716,12360,8186,39011
39,037,51513,25458,26055,6271,9420,6791,4365,6033,8951,7214,5496,12304,18371,14005,9861,39037
39,123,40632,20162,20470,3882,6689,6590,4727,3742,6444,6686,5199,7624,13133,13276,9926,39123
39,065,31425,15568,15857,3794,6713,3610,2180,3484,6762,3827,2718,7278,13475,7437,4898,39065
39,079,32450,15723,16727,3901,6292,4089,2370,3928,6273,4413,3074,7829,12565,8502,5444,39079
39,077,58339,28847,29492,7214,11373,7647,4397,6977,10842,8006,5349,14191,22215,15653,9746,39077
39,009,65917,32827,33090,5027,18842,6798,3650,4659,18282,6999,4631,9686,37124,13797,8281,39009
39,001,27776,13824,13952,3487,5108,3716,2282,3204,5202,3742,2574,6691,10310,7458,4856,39001
39,103,177980,88299,89681,20920,33965,24321,14066,19342,33637,25308,16741,40262,67602,49629,30807,39103
39,095,431102,208922,222180,50900,86909,53629,29446,48594,89517,58047,38789,99494,176426,111676,68235,39095
39,121,14416,8631,5785,1350,2691,3184,2363,1316,1807,1564,1482,2666,4498,4748,3845,39121
72,021,178192,83978,94214,16701,36660,19424,15324,15825,36785,25074,22180,32526,73445,44498,37504,72021
72,029,45588,21958,23630,5017,9511,5291,3367,4583,10147,6008,4129,9600,19658,11299,7496,72029
72,045,19224,9517,9707,2036,4068,2361,1543,1899,3951,2631,1823,3935,8019,4992,3366,72045
72,075,46152,21942,24210,5080,9154,5219,3578,4990,10186,6178,4300,10070,19340,11397,7878,72075
72,083,8370,4179,4191,907,1638,1083,803,819,1633,1137,856,1726,3271,2220,1659,72083
72,047,33500,16227,17273,3637,6761,3978,2660,3459,7037,4691,3190,7096,13798,8669,5850,72047
72,095,10776,5240,5536,990,2032,1534,1079,1074,2054,1484,1242,2064,4086,3018,2321,72095
72,113,139671,67111,72560,14359,28297,16098,12482,13776,27398,19568,16710,28135,55695,35666,29192,72113
72,135,72864,34973,37891,7801,15946,8458,4448,7492,17088,9592,5455,15293,33034,18050,9903,72135
72,137,77810,36401,41409,7800,15839,8216,6226,7596,17075,10934,8372,15396,32914,19150,14598,72137
72,147,8642,4277,4365,789,1611,1328,866,907,1521,1154,983,1696,3132,2482,1849,72147
72,151,33499,16202,17297,3342,6395,4385,3050,3128,6822,4918,3583,6470,13217,9303,6633,72151
72,003,37954,18564,19390,3512,7706,5234,3232,3439,7747,5602,3667,6951,15453,10836,6899,72003
72,025,128937,59932,69005,12703,25690,14495,10309,12308,28029,17978,14902,25011,53719,32473,25211,72025
72,041,39607,19180,20427,4074,8056,4960,3063,3960,8504,5344,3592,8034,16560,10304,6655,72041
72,043,38906,18878,20028,4065,7729,5188,3123,3850,8364,5414,3574,7915,16093,10602,6697,72043
72,051,36803,17500,19303,4014,7529,4273,2759,4014,8192,4794,3455,8028,15721,9067,6214,72051
72,089,18224,8544,9680,1757,3435,2106,1744,1813,3968,2494,2062,3570,7403,4600,3806,72089
72,019,28393,13978,14415,3293,6010,3360,1932,3119,5997,3648,2365,6412,12007,7008,4297,72019
72,107,20982,10500,10482,2341,4366,2748,1635,2114,4348,2751,1789,4455,8714,5499,3424,72107
72,129,37209,18100,19109,3627,7535,4867,3146,3491,7879,5222,3606,7118,15414,10089,6752,72129
72,037,11515,5454,6061,1174,2188,1249,1171,1000,2439,1581,1456,2174,4627,2830,2627,72037
72,039,16513,8025,8488,1638,3098,2141,1537,1682,3295,2431,1658,3320,6393,4572,3195,72039
72,071,41707,20282,21425,4070,8638,4983,3652,3796,8756,5611,4414,7866,17394,10594,8066,72071
72,073,14539,7186,7353,1626,3127,1662,1096,1604,3032,1870,1242,3230,6159,3532,2338,72073
72,081,25696,12636,13060,2541,5196,3398,2372,2389,5146,3668,2764,4930,10342,7066,5136,72081
72,127,335468,153454,182014,30614,63453,38499,29453,30243,71231,48333,43900,60857,134684,86832,73353,72127
72,143,37106,17781,19325,4040,7509,4149,2932,3879,8079,4691,3639,7919,15588,8840,6571,72143
72,093,6075,3014,3061,595,1227,766,563,565,1181,930,606,1160,2408,1696,1169,72093
39,147,55351,27623,27728,6353,11305,7227,4274,5835,10599,7504,5401,12188,21904,14731,9675,39147
39,151,372404,181002,191402,41327,70595,49236,30814,39094,71513,52924,39925,80421,142108,102160,70739,39151
39,031,36585,18120,18465,4528,6609,4815,3092,4095,6589,5180,3856,8623,13198,9995,6948,39031
39,041,201135,99700,101435,27478,40955,23845,12108,26219,41402,24278,14379,53697,82357,48123,26487,39041
39,055,93843,46444,47399,11040,16042,13751,8579,10693,15672,13991,10002,21733,31714,27742,18581,39055
39,073,28390,13914,14476,3064,5266,3936,2478,3208,5233,4156,2783,6272,10499,8092,5261,39073
39,085,229954,112407,117547,23846,43792,32090,19469,22718,42834,34188,25315,46564,86626,66278,44784,39085
39,141,76948,40332,36616,8554,17537,10703,5544,7987,13875,9859,6845,16541,31412,20562,12389,39141
39,035,1247451,594606,652845,132990,245165,156532,92562,128164,257982,176162,128805,261154,503147,332694,221367,39035
39,075,43901,21904,21997,7080,8620,4513,2656,6858,8411,4577,3203,13938,17031,9090,5859,39075
39,109,105371,52106,53265,12630,20034,13965,8601,11766,19692,14342,10751,24396,39726,28307,19352,39109
39,111,13942,6931,7011,1457,2391,2125,1553,1462,2346,2167,1690,2919,4737,4292,3243,39111
39,155,200367,97661,102706,21090,36765,27748,18609,20238,36217,29814,23514,41328,72982,57562,42123,39155
39,173,130150,64210,65940,13781,30395,14796,8517,12810,30211,15540,10772,26591,60606,30336,19289,39173
39,005,53536,26144,27392,6136,10365,6579,4422,6016,10398,7216,5397,12152,20763,13795,9819,39005
40,043,4922,2435,2487,670,869,618,417,681,833,595,499,1351,1702,1213,916,40043
40,059,3760,1856,1904,455,714,467,315,520,631,461,389,975,1345,928,704,40059
40,083,46683,23132,23551,5634,9495,5795,3392,5240,9653,6238,3640,10874,19148,12033,7032,40083
40,143,646419,315509,330910,83784,136921,70041,38774,79862,138852,77772,51721,163646,275773,147813,90495,40143
40,147,51886,25270,26616,6344,9709,6252,4329,6002,9625,6937,5660,12346,19334,13189,9989,40147
40,057,2710,1327,1383,338,493,385,202,318,474,396,306,656,967,781,508,40057
40,061,12687,6285,6402,1601,2372,1533,1163,1458,2258,1661,1352,3059,4630,3194,2515,40061
40,111,38749,19163,19586,4848,7584,4705,3039,4372,7262,5172,4012,9220,14846,9877,7051,40111
40,113,47226,23662,23564,5302,8994,6565,4216,5141,8313,6870,4888,10443,17307,13435,9104,40113
40,067,6158,3102,3056,766,1136,846,545,734,1013,827,690,1500,2149,1673,1235,40067
40,047,61898,30940,30958,7937,13118,7099,4218,7637,11951,7268,5643,15574,25069,14367,9861,40047
40,049,27835,13796,14039,3636,5422,3197,2228,3358,5199,3532,2703,6994,10621,6729,4931,40049
40,121,44146,22433,21713,4996,9228,5681,3915,4818,7719,5828,4692,9814,16947,11509,8607,40121
40,123,38355,18832,19523,4621,8218,4231,2753,4378,8130,4599,3519,8999,16348,8830,6272,40123
40,129,3667,1800,1867,474,607,505,321,463,640,456,419,937,1247,961,740,40129
40,153,20727,10955,9772,2666,4860,2546,1399,2564,3742,2235,1709,5230,8602,4781,3108,40153
40,021,48664,23831,24833,5432,10627,5423,3654,5407,10722,5685,4284,10839,21349,11108,7938,40021
40,041,42433,20908,21525,4434,7035,5995,5020,4256,7132,6633,5328,8690,14167,12628,10348,40041
40,045,4015,1930,2085,425,697,540,403,506,681,542,501,931,1378,1082,904,40045
40,051,55071,27629,27442,7020,10954,7021,4011,6278,10730,7122,4735,13298,21684,14143,8746,40051
40,119,81815,41976,39839,8263,23829,6944,4467,7390,21105,7495,5595,15653,44934,14439,10062,40119
40,125,72154,34523,37631,8795,14045,8389,5148,8457,15544,9076,6400,17252,29589,17465,11548,40125
40,037,71427,35298,36129,8730,13753,9144,5584,8332,13495,9527,6846,17062,27248,18671,12430,40037
40,141,7413,3782,3631,899,1391,1019,666,858,1227,940,788,1757,2618,1959,1454,40141
40,149,11225,5622,5603,1500,2075,1534,838,1320,2036,1410,1136,2820,4111,2944,1974,40149
40,033,5858,2962,2896,733,1086,816,530,604,1034,834,608,1337,2120,1650,1138,40033
40,075,8886,4440,4446,1077,1596,1229,789,1030,1484,1274,940,2107,3080,2503,1729,40075
40,079,50026,25079,24947,6256,10006,6091,3971,5920,9275,6498,4801,12176,19281,12589,8772,40079
40,089,33016,16326,16690,4345,6216,3930,2672,4061,6212,4280,3170,8406,12428,8210,5842,40089
40,093,7692,3804,3888,1000,1311,987,680,978,1292,1032,837,1978,2603,2019,1517,40093
40,097,41044,20458,20586,5010,7812,5248,3427,4674,7669,5509,4037,9684,15481,10757,7464,40097
40,109,787216,385353,401863,102772,170295,83220,45621,98684,171379,91178,59506,201456,341674,174398,105127,40109
40,039,29152,14290,14862,3564,6568,2963,1679,3800,6498,2926,2234,7364,13066,5889,3913,40039
40,085,10063,5024,5039,1235,1876,1334,961,1251,1915,1181,985,2486,3791,2515,1946,40085
40,009,22268,12115,10153,2817,5670,2739,1367,2747,3871,2332,1643,5564,9541,5071,3010,40009
40,023,14807,7094,7713,1800,2477,1900,1375,1795,2707,2106,1630,3595,5184,4006,3005,40023
40,065,25063,12558,12505,3265,5614,2658,1630,3098,5152,2783,2087,6363,10766,5441,3717,40065
40,081,34895,17381,17514,4339,6370,4799,2914,4138,6259,4807,3341,8477,12629,9606,6255,40081
40,117,16412,8225,8187,2051,3010,2204,1445,1852,2947,2228,1648,3903,5957,4432,3093,40117
40,133,24832,12172,12660,3181,4683,2986,1954,3036,4616,3348,2439,6217,9299,6334,4393,40133
40,025,2174,1065,1109,274,342,282,247,283,328,313,282,557,670,595,529,40025
40,011,9556,5091,4465,1030,2158,1414,797,935,1542,1330,933,1965,3700,2744,1730,40011
40,029,5581,2813,2768,755,963,743,499,619,948,737,650,1374,1911,1480,1149,40029
40,053,4397,2212,2185,531,754,641,417,543,683,604,511,1074,1437,1245,928,40053
40,073,15694,7865,7829,2179,3025,1961,1108,2062,2873,1861,1337,4241,5898,3822,2445,40073
40,087,39247,19461,19786,5214,7680,4763,2769,4863,7823,5013,3200,10077,15503,9776,5969,40087
40,095,16505,8173,8332,1947,2918,1966,1771,1906,2813,2319,1902,3853,5731,4285,3673,40095
40,103,11335,5601,5734,1399,2084,1503,968,1367,2032,1469,1167,2766,4116,2972,2135,40103
40,105,10322,5091,5231,1209,1888,1360,891,1165,1908,1439,1087,2374,3796,2799,1978,40105
40,131,91353,45473,45880,11176,18227,11428,6801,10533,18134,11919,7756,21709,36361,23347,14557,40131
40,135,41709,20574,21135,5128,7900,5380,3441,4758,7967,5639,4094,9886,15867,11019,7535,40135
40,003,5847,3531,2316,589,1541,1014,558,534,749,577,563,1123,2290,1591,1121,40003
40,151,9043,4767,4276,930,2427,922,677,929,1807,836,830,1859,4234,1758,1507,40151
40,027,279274,139416,139858,31085,69126,28845,16056,29516,65632,30819,20216,60601,134758,59664,36272,40027
40,107,12067,6487,5580,1424,2786,1589,991,1357,2019,1426,1124,2781,4805,3015,2115,40107
40,005,13823,7289,6534,1603,3100,1796,1206,1500,2307,1791,1382,3103,5407,3587,2588,40005
41,061,26337,13083,13254,3028,5139,3311,2467,2772,5022,3508,2816,5800,10161,6819,5283,41061
41,047,339641,169275,170366,43286,72837,38736,23044,40958,69127,40985,29049,84244,141964,79721,52093,41047
41,019,109114,53868,55246,10899,18511,15898,13104,10263,18219,17115,14446,21162,36730,33013,27550,41019
41,031,23607,12222,11385,2872,4712,3275,2259,2686,4083,3132,2287,5558,8795,6407,4546,41031
41,053,83037,40552,42485,9656,17157,9277,6762,9279,17595,10501,7807,18935,34752,19778,14569,41053
41,017,186251,91931,94320,19439,37145,24388,17422,18441,36705,26708,19028,37880,73850,51096,36450,41017
41,043,125048,61638,63410,14486,24535,16162,10562,13924,24395,17015,12333,28410,48930,33177,22895,41043
41,071,104831,52422,52409,12060,22421,12719,8009,11495,21129,13293,9595,23555,43550,26012,17604,41071
41,001,16019,8257,7762,1657,2887,2351,2028,1477,2409,2409,2123,3134,5296,4760,4151,41001
41,035,66921,33404,33517,7400,12729,8851,6688,7124,12156,9619,7161,14524,24885,18470,13849,41035
41,041,48547,23393,25154,4186,7321,7908,6357,4024,7619,9105,7177,8210,14940,17013,13534,41041
41,003,91107,45794,45313,7544,24158,9840,6654,7370,22370,10495,7491,14914,46528,20335,14145,41003
41,013,23011,11347,11664,2300,3698,3526,2832,2259,3895,3801,2881,4559,7593,7327,5713,41013
41,055,1642,882,760,151,306,287,205,126,221,258,223,277,527,545,428,41055
41,025,7267,3736,3531,823,1271,1031,843,676,1182,1082,893,1499,2453,2113,1736,41025
41,045,30412,16551,13861,3831,7545,3698,2412,3885,4944,3336,2589,7716,12489,7034,5001,41045
41,063,7004,3444,3560,661,1014,1132,997,622,990,1290,981,1283,2004,2422,1978,41063
41,069,1415,713,702,130,174,213,259,110,180,217,247,240,354,430,506,41069
41,049,11303,5720,5583,1596,2174,1324,878,1517,2071,1335,886,3113,4245,2659,1764,41049
41,011,63686,31494,32192,6176,10618,9431,7747,5611,10606,10095,8476,11787,21224,19526,16223,41011
41,015,22650,11173,11477,1619,3236,3802,3697,1680,2953,4178,3926,3299,6189,7980,7623,41015
41,021,1878,897,981,179,265,303,228,194,297,296,247,373,562,599,475,41021
41,027,23209,11598,11611,2820,4785,3076,1617,2777,4591,2936,1992,5597,9376,6012,3609,41027
41,037,7837,4194,3643,736,1489,1283,1035,741,1127,1181,894,1477,2616,2464,1929,41037
41,051,804606,398513,406093,78409,202741,89816,46369,74672,200932,92720,58530,153081,403673,182536,104899,41051
42,103,55453,28148,27305,5393,9874,9002,5869,4639,9363,9559,6283,10032,19237,18561,12152,42103
42,109,40483,20143,20340,4423,8291,5201,3288,4052,8052,5219,4131,8475,16343,10420,7419,42109
42,115,40970,20601,20369,3924,7094,6598,4427,3783,6619,6532,4956,7707,13713,13130,9383,42115
42,039,85665,41716,43949,9182,15463,12037,7943,8755,16467,12308,9197,17937,31930,24345,17140,42039
42,049,273835,135238,138597,30260,55976,35601,21034,28655,54616,37078,26483,58915,110592,72679,47517,42049
42,057,14506,7322,7184,1498,2734,2090,1426,1420,2546,2106,1614,2918,5280,4196,3040,42057
42,067,24624,12304,12320,2792,4581,3388,2290,2781,4321,3304,2606,5573,8902,6692,4896,42067
42,107,142674,72953,69721,14544,29703,20336,12635,13664,24720,20016,15926,28208,54423,40352,28561,42107
42,131,27327,13779,13548,2772,5236,4042,2674,2583,4918,4107,2924,5355,10154,8149,5598,42131
42,001,102470,50461,52009,10560,19414,14432,9277,10244,19034,15165,11027,20804,38448,29597,20304,42001
42,005,65867,32761,33106,6477,11978,10030,6433,6202,11405,10093,7803,12679,23383,20123,14236,42005
42,035,38915,19261,19654,4039,8224,4855,3255,3837,8160,4960,3866,7876,16384,9815,7121,42035
42,025,63887,31777,32110,6306,11814,9794,6064,6084,11197,9774,7132,12390,23011,19568,13196,42025
42,027,161960,85202,76758,12446,48325,17735,10150,11900,39287,16769,12156,24346,87612,34504,22306,42027
42,097,91761,46173,45588,9361,18154,13110,8402,8662,16044,13336,10740,18023,34198,26446,19142,42097
42,095,302809,148943,153866,31203,61484,40253,24644,29522,59445,42417,31752,60725,120929,82670,56396,42095
42,121,51818,25583,26235,5251,9032,7993,5026,4916,8747,8374,6187,10167,17779,16367,11213,42121
42,007,165833,80460,85373,16473,30479,24037,14933,15740,29993,25547,19780,32213,60472,49584,34713,42007
42,069,210652,102161,108491,22165,40914,27667,17614,20821,41204,29227,23708,42986,82118,56894,41322,42069
42,083,41401,21416,19985,4313,8908,5826,3562,3889,7371,5642,4321,8202,16279,11468,7883,42083
42,051,131302,64835,66467,12754,25595,18958,11918,12591,23595,19716,15164,25345,49190,38674,27082,42051
42,091,823823,400410,423413,91126,163177,105812,61552,87530,163618,115000,81586,178656,326795,220812,143138,42091
42,033,79908,42011,37897,7781,17411,12181,7250,7096,13344,11045,8847,14877,30755,23226,16097,42033
42,075,139729,68479,71250,16294,26597,17495,11780,15738,26349,18531,14962,32032,52946,36026,26742,42075
42,081,114330,56067,58263,11977,22711,15155,9616,11484,22329,15795,12137,23461,45040,30950,21753,42081
42,093,18259,8720,9539,1916,3355,2483,1531,1781,3405,2676,2237,3697,6760,5159,3768,42093
42,123,39756,19901,19855,3933,6988,6153,4131,3807,6558,6123,4751,7740,13546,12276,8882,42123
42,019,186899,92531,94368,19474,36622,26788,15191,18328,35541,27536,18834,37802,72163,54324,34025,42019
42,047,30340,15319,15021,3013,5436,4990,2960,2874,5002,4567,3557,5887,10438,9557,6517,42047
42,071,540999,264955,276044,65643,105807,65316,42160,62532,106748,69288,52755,128175,212555,134604,94915,42071
42,085,111518,54961,56557,11240,21215,15731,10276,10633,20011,15983,13348,21873,41226,31714,23624,42085
42,105,16806,8389,8417,1793,2810,2537,1846,1705,2654,2632,2107,3498,5464,5169,3953,42105
42,117,40944,20319,20625,4242,7503,5649,4164,3914,7469,5908,4622,8156,14972,11557,8786,42117
44,005,82801,40728,42073,7140,16675,11542,8048,6992,15562,12454,9895,14132,32237,23996,17943,44005
44,007,635737,309399,326338,67492,141543,74791,40324,64127,142359,81395,54865,131619,283902,156186,95189,44007
44,001,48764,23599,25165,4805,9314,6749,4153,4499,9382,7402,5302,9304,18696,14151,9455,44001
45,003,168301,81237,87064,18727,31526,21742,14053,17939,33010,24262,17487,36666,64536,46004,31540,45003
45,005,9024,4828,4196,919,2224,1283,795,775,1560,1278,982,1694,3784,2561,1777,45005
45,037,26927,14358,12569,2434,6635,3914,2259,2501,4474,3657,2691,4935,11109,7571,4950,45037
45,023,32311,15703,16608,3839,5849,4354,2591,3431,6242,4649,3283,7270,12091,9003,5874,45023
45,029,37585,17952,19633,4193,6547,5062,3353,4234,7083,5640,4079,8427,13630,10702,7432,45029
45,067,31308,14448,16860,3677,5373,3918,2391,3535,6096,4939,3554,7212,11469,8857,5945,45067
45,063,290278,141364,148914,34450,58648,35443,19906,33206,60315,38634,24855,67656,118963,74077,44761,45063
45,073,77528,38138,39390,7942,13761,10906,8226,7708,13411,11852,9432,15650,27172,22758,17658,45073
45,015,215044,106983,108061,26284,48203,24261,13127,25278,46020,26917,15750,51562,94223,51178,28877,45015
45,019,401165,194314,206851,40616,89415,46186,28090,38848,90710,52870,35743,79464,180125,99056,63833,45019
45,043,61952,29301,32651,5943,9552,8713,7592,5624,10290,10624,9122,11567,19842,19337,16714,45043
45,069,26753,13940,12813,2793,6419,3632,1982,2719,4595,3802,2670,5512,11014,7434,4652,45069
45,007,198064,95539,102525,23219,37563,24680,15535,22272,39520,27035,19614,45491,77083,51715,35149,45007
45,025,45953,22590,23363,5319,8869,5977,3610,4881,8792,6500,4635,10200,17661,12477,8245,45025
45,047,70411,32719,37692,8131,12812,8398,5402,8039,15158,9232,7357,16170,27970,17630,12759,45047
45,051,332172,160275,171897,31014,59328,47566,36306,29891,61705,54608,40626,60905,121033,102174,76932,45051
45,055,65112,31563,33549,7946,11817,8527,5219,7358,12369,9578,6485,15304,24186,18105,11704,45055
45,075,87687,41012,46675,9914,15615,10930,7178,9506,17913,13046,9465,19420,33528,23976,16643,45075
45,083,307617,149276,158341,36367,62441,36736,21482,35191,64608,40076,27517,71558,127049,76812,48999,45083
45,009,14376,6950,7426,1516,2699,1702,1281,1375,2732,2199,1745,2891,5431,3901,3026,45009
45,013,186095,91501,94594,18087,34467,23028,23087,17258,31730,27907,26130,35345,66197,50935,49217,45013
45,017,14663,7003,7660,1444,2541,2145,1442,1404,2690,2492,1788,2848,5231,4637,3230,45017
45,033,30689,14513,16176,4043,5636,3455,2003,3765,6194,4240,2883,7808,11830,7695,4886,45033
45,081,20303,10141,10162,2294,3964,2735,1745,2145,3639,2786,2154,4439,7603,5521,3899,45081
45,079,411357,199147,212210,44878,99615,41166,21600,43680,101005,48732,29141,88558,200620,89898,50741,45079
45,039,22565,10780,11785,2179,3815,3470,2110,2175,4140,3930,2514,4354,7955,7400,4624,45039
45,049,19564,10152,9412,2270,4291,2617,1590,1960,3489,2678,1922,4230,7780,5295,3512,45049
45,045,507003,246053,260950,59881,105336,59276,34271,57720,108732,64871,43718,117601,214068,124147,77989,45045
45,057,92308,44504,47804,10014,17972,10538,8312,10053,17707,12785,10543,20067,35679,23323,18855,45057
45,035,158299,77077,81222,19936,33054,18054,9574,19302,34020,20430,11790,39238,67074,38484,21364,45035
45,041,138475,64765,73710,16591,26068,16389,9529,16383,29435,18879,13108,32974,55503,35268,22637,45041
45,059,66846,32545,34301,7790,12709,8688,5280,6913,13334,9350,6713,14703,26043,18038,11993,45059
45,065,9531,5284,4247,718,1849,1649,1542,445,1090,1621,1641,1163,2939,3270,3183,45065
45,077,124029,61734,62295,12124,29485,14048,8910,11487,27874,15529,11088,23611,57359,29577,19998,45077
45,087,27490,13099,14391,3060,4809,3751,2291,2839,5262,4207,3103,5899,10071,7958,5394,45087
45,089,31324,14942,16382,3278,5926,4147,2667,3350,5793,4886,3600,6628,11719,9033,6267,45089
46,003,2763,1461,1302,393,547,340,255,345,430,331,268,738,977,671,523,46003
46,051,7149,3750,3399,856,1370,1051,671,717,1122,942,796,1573,2492,1993,1467,46051
46,123,5458,2768,2690,662,941,831,520,595,825,727,694,1257,1766,1558,1214,46123
46,137,2791,1375,1416,379,624,299,124,467,570,286,138,846,1194,585,262,46137
46,115,6483,3238,3245,835,1033,975,612,739,1085,863,714,1574,2118,1838,1326,46115
46,009,6929,4064,2865,690,1894,1035,658,648,833,810,765,1338,2727,1845,1423,46009
46,011,34601,17697,16904,3474,9833,3183,1916,3584,8781,3064,2135,7058,18614,6247,4051,46011
46,047,6747,3398,3349,671,1020,1155,918,487,910,1340,944,1158,1930,2495,1862,46047
46,057,6025,3073,2952,977,1086,711,449,922,1005,660,501,1899,2091,1371,950,46057
46,071,3290,1631,1659,499,605,387,232,540,594,347,238,1039,1199,734,470,46071
46,033,8719,4233,4486,697,1110,1634,1276,691,1260,1718,1251,1388,2370,3352,2527,46033
46,069,1319,685,634,145,193,235,147,108,149,212,198,253,342,447,345,46069
46,049,2312,1168,1144,292,390,338,224,223,324,337,393,515,714,675,617,46049
46,067,7308,3559,3749,903,1177,970,717,913,1165,959,972,1816,2342,1929,1689,46067
46,129,5457,2714,2743,630,913,790,610,628,863,725,697,1258,1776,1515,1307,46129
46,017,2026,1008,1018,404,404,150,78,363,418,197,68,767,822,347,146,46017
46,037,5486,2843,2643,663,877,883,649,565,741,795,756,1228,1618,1678,1405,46037
46,043,2929,1435,1494,351,448,401,316,370,409,438,372,721,857,839,688,46043
46,063,1306,681,625,136,284,191,120,164,220,182,109,300,504,373,229,46063
46,089,2297,1090,1207,213,335,340,283,279,316,283,394,492,651,623,677,46089
46,109,10287,5267,5020,1465,1791,1382,969,1329,1713,1293,1027,2794,3504,2675,1996,46109
46,119,1305,669,636,147,193,229,177,149,210,180,143,296,403,409,320,46119
46,083,56826,28154,28672,8267,12212,5560,3146,7776,12473,5814,3781,16043,24685,11374,6927,46083
46,079,12717,6661,6056,1326,2525,2017,1369,1289,1961,1971,1304,2615,4486,3988,2673,46079
46,081,25478,12659,12819,2275,5128,3703,2504,2230,4988,3757,2866,4505,10116,7460,5370,46081
46,029,28026,14135,13891,3455,5684,3623,2148,3224,5223,3510,2600,6679,10907,7133,4748,46029
46,019,10225,5213,5012,1353,1814,1536,962,1172,1654,1456,1073,2525,3468,2992,2035,46019
46,031,4150,2097,2053,774,745,444,212,738,725,420,241,1512,1470,864,453,46031
46,045,3909,1969,1940,440,642,569,418,529,611,533,338,969,1253,1102,756,46045
46,021,1485,805,680,183,191,298,205,128,196,239,167,311,387,537,372,46021
46,007,3425,1686,1739,633,630,294,185,593,664,303,213,1226,1294,597,398,46007
46,055,2018,1016,1002,272,341,265,164,278,251,285,259,550,592,550,423,46055
46,075,793,374,419,40,116,139,96,104,94,173,87,144,210,312,183,46075
46,093,27717,14409,13308,3346,6516,3443,1939,3087,5340,3366,2245,6433,11856,6809,4184,46093
46,125,8300,4148,4152,1034,1420,1178,779,957,1413,1104,927,1991,2833,2282,1706,46125
46,013,38915,19166,19749,4601,8020,4646,2864,4541,7654,4870,3782,9142,15674,9516,6646,46013
46,061,3399,1702,1697,531,588,462,258,529,600,436,249,1060,1188,898,507,46061
46,087,5548,2776,2772,771,977,728,457,748,917,670,583,1519,1894,1398,1040,46087
46,095,2052,1020,1032,301,363,265,144,351,325,230,166,652,688,495,310,46095
46,101,6507,3271,3236,861,1150,893,558,808,1087,850,678,1669,2237,1743,1236,46101
46,103,110685,55795,54890,13333,22287,14496,9029,12433,20746,14806,10176,25766,43033,29302,19205,46103
46,127,15368,7718,7650,1894,2959,2046,1268,1829,2869,1940,1406,3723,5828,3986,2674,46127
46,097,2211,1125,1086,285,353,343,205,266,340,285,233,551,693,628,438,46097
53,003,22421,10868,11553,2206,3921,3101,2407,2370,3946,3307,2715,4576,7867,6408,5122,53003
53,001,19594,9980,9614,3545,4003,1777,1027,3350,3692,1810,1111,6895,7695,3587,2138,53001
53,023,2230,1139,1091,287,276,380,290,248,360,298,261,535,636,678,551,53023
53,045,63804,33063,30741,6599,12304,9893,6901,5820,10278,9623,7482,12419,22582,19516,14383,53045
53,057,125612,62106,63506,14051,24014,16241,11823,13568,23278,17582,13628,27619,47292,33823,25451,53057
53,065,44655,22242,22413,4975,7038,7079,4959,4618,7176,7323,5099,9593,14214,14402,10058,53065
53,063,505505,250722,254783,57846,109470,59778,35985,54482,105863,64665,43856,112328,215333,124443,79841,53063
53,043,10574,5345,5229,1172,1629,1659,1338,1091,1566,1634,1363,2263,3195,3293,2701,53043
53,007,76229,38219,38010,9497,14534,9861,6616,8597,13946,10214,7561,18094,28480,20075,14177,53007
53,031,31285,15276,16009,1873,4331,5488,5418,2033,3875,6500,5620,3906,8206,11988,11038,53031
53,035,265882,135983,129899,28001,60262,34391,21398,26649,50873,35798,24746,54650,111135,70189,46144,53035
53,033,2195502,1100652,1094850,228393,543484,249898,126168,219701,513395,255666,158164,448094,1056879,505564,284332,53033
53,049,21688,10911,10777,1885,3325,3552,3245,1645,3095,3849,3320,3530,6420,7401,6565,53049
53,051,13377,6742,6635,1283,2057,2284,1727,1281,1900,2291,1705,2564,3957,4575,3432,53051
53,055,16788,8089,8699,1111,2288,2837,2670,1111,2447,3312,2857,2222,4735,6149,5527,53055
53,059,11753,5900,5853,1178,2045,1960,1176,1063,2023,2019,1163,2241,4068,3979,2339,53059
53,075,49231,25175,24056,3976,15746,3867,2342,3474,14778,3919,2659,7450,30524,7786,5001,53075
53,077,249697,125044,124653,38135,51025,26014,15597,36208,49768,26559,18141,74343,100793,52573,33738,53077
53,009,75392,37128,38264,6575,12562,11321,10143,6406,11364,12450,11572,12981,23926,23771,21715,53009
53,015,106778,52844,53934,12310,20136,14338,9392,12146,20028,14536,10690,24456,40164,28874,20082,53015
53,019,7578,3821,3757,650,1287,1286,1004,610,1225,1338,924,1260,2512,2624,1928,53019
53,041,78145,39083,39062,8660,14642,10850,7775,8198,14121,11191,8411,16858,28763,22041,16186,53041
53,017,42023,21107,20916,5584,8289,5060,3328,5407,7706,5236,3901,10991,15995,10296,7229,53017
53,029,82866,41393,41473,7726,16537,10933,9298,7420,14548,12330,10550,15146,31085,23263,19848,53029
53,053,877013,437477,439536,105365,198359,100497,52943,100749,188896,105737,65663,206114,387255,206234,118606,53053
53,021,92009,47702,44307,15304,21668,8189,4047,14863,19071,7533,4243,30167,40739,15722,8290,53021
53,071,60365,30904,29461,6588,13895,7384,4784,6179,11759,7391,5852,12767,25654,14775,10636,53071
53,073,220821,109070,111751,22200,50143,25872,17222,21052,49643,27909,20099,43252,99786,53781,37321,53073
54,023,11616,5800,5816,1090,2108,1686,1337,1103,2013,1631,1441,2193,4121,3317,2778,54023
54,027,23309,11874,11435,2345,4163,3802,2528,2131,4040,3625,2545,4476,8203,7427,5073,54027
54,009,22459,11089,11370,2032,4242,3447,2272,1898,4043,3570,2852,3930,8285,7017,5124,54009
54,017,8560,4739,3821,709,2091,1359,889,633,1421,1236,873,1342,3512,2595,1762,54017
54,031,13805,7122,6683,1557,2446,2029,1549,1282,2413,1951,1470,2839,4859,3980,3019,54031
54,049,56355,27767,28588,5862,11648,7463,4803,5427,11553,7511,5967,11289,23201,14974,10770,54049
54,059,24290,11851,12439,2861,4408,3412,2021,2560,4600,3586,2387,5421,9008,6998,4408,54059
54,029,29383,14178,15205,2829,5244,4434,2879,2787,5072,4690,3753,5616,10316,9124,6632,54029
54,051,31308,15516,15792,3083,5900,4711,3002,3047,5392,4743,3705,6130,11292,9454,6707,54051
54,067,25078,12358,12720,2601,4451,3614,2656,2508,4537,3973,2804,5109,8988,7587,5460,54067
54,093,6982,3512,3470,587,1225,1110,867,533,1193,1113,897,1120,2418,2223,1764,54093
54,095,8811,4394,4417,890,1555,1351,917,845,1521,1353,1002,1735,3076,2704,1919,54095
54,087,14020,6923,7097,1474,2429,2144,1408,1521,2398,2043,1575,2995,4827,4187,2983,54087
54,091,16864,8490,8374,1744,3319,2437,1561,1680,3072,2440,1772,3424,6391,4877,3333,54091
54,107,84960,41052,43908,8999,15768,11217,7503,8941,16033,12385,9441,17940,31801,23602,16944,54107
54,021,8041,4725,3316,712,2554,1095,628,496,1403,910,704,1208,3957,2005,1332,54021
54,053,26820,13022,13798,3075,4596,3687,2467,2659,5028,4018,3002,5734,9624,7705,5469,54053
54,063,13401,6657,6744,1346,2315,2021,1514,1279,2197,1970,1803,2625,4512,3991,3317,54063
54,073,7482,4045,3437,770,1728,1148,665,689,1210,1058,728,1459,2938,2206,1393,54073
54,011,94339,46172,48167,9714,20549,11044,7404,8973,20410,11911,9796,18687,40959,22955,17200,54011
54,037,56506,27972,28534,6564,11167,7776,4049,6123,11394,7900,4732,12687,22561,15676,8781,54037
54,045,33154,16437,16717,3456,6549,4874,2847,3333,6113,4999,3583,6789,12662,9873,6430,54045
54,071,7001,3585,3416,687,1148,1187,882,592,1016,1060,970,1279,2164,2247,1852,54071
54,033,67908,33109,34799,7417,12929,9304,5591,7129,13017,9785,7284,14546,25946,19089,12875,54033
54,069,42143,20307,21836,4057,8124,5846,3795,4007,8049,6145,5128,8064,16173,11991,8923,54069
54,013,7295,3523,3772,612,1184,1227,842,825,1188,1166,874,1437,2372,2393,1716,54013
54,065,17709,8755,8954,1597,3085,2779,1876,1672,2974,2963,2157,3269,6059,5742,4033,54065
54,081,75252,37679,37573,8084,15348,9803,6786,7594,14020,10532,8291,15678,29368,20335,15077,54081
54,079,56610,27875,28735,6593,10872,7341,4560,6156,10950,8085,5565,12749,21822,15426,10125,54079
54,001,16633,8170,8463,1729,3273,2281,1524,1603,3404,2331,1702,3332,6677,4612,3226,54001
54,047,18661,9595,9066,2041,3700,2769,1785,1787,3008,2852,2090,3828,6708,5621,3875,54047
54,099,40303,19608,20695,4200,7471,5416,3780,4220,7560,5812,4431,8420,15031,11228,8211,54099
54,035,28907,14345,14562,3281,5370,4008,2589,2940,5232,3902,3175,6221,10602,7910,5764,54035
54,055,59919,28419,31500,6204,10927,7653,5577,6092,11696,8771,7197,12296,22623,16424,12774,54055
54,097,24502,12201,12301,2586,4924,3089,2288,2454,4746,3432,2555,5040,9670,6521,4843,54097
54,101,8386,4171,4215,848,1449,1314,912,837,1401,1396,995,1685,2850,2710,1907,54101
54,003,115329,56868,58461,13696,23870,14181,7705,13434,24365,15088,8961,27130,48235,29269,16666,54003
54,019,43576,21916,21660,4573,8555,6420,4001,4436,7541,6403,4901,9009,16096,12823,8902,54019
55,051,5687,2891,2796,407,845,1053,837,391,795,986,876,798,1640,2039,1713,55051
55,019,34579,17489,17090,5184,6043,4464,2635,5000,5709,4151,3031,10184,11752,8615,5666,55019
55,109,88732,44328,44404,11425,17850,11613,5623,10924,17653,11467,6406,22349,35503,23080,12029,55109
55,083,37646,19189,18457,3907,6522,6346,3718,3705,6300,5864,3855,7612,12822,12210,7573,55083
55,069,27744,13922,13822,2648,4907,4576,2717,2518,4667,4334,3101,5166,9574,8910,5818,55069
55,135,51245,26237,25008,5561,9268,7884,5091,4967,8800,7466,5360,10528,18068,15350,10451,55135
55,005,45229,22554,22675,5016,8078,6424,4454,4776,7741,6436,5230,9792,15819,12860,9684,55005
55,113,16399,8356,8043,1625,2577,2748,2072,1576,2350,2757,2069,3201,4927,5505,4141,55113
55,047,18755,9460,9295,2142,3190,2908,1906,2038,3016,2754,2144,4180,6206,5662,4050,55047
55,099,13416,6806,6610,1211,2064,2469,1635,1121,1990,2286,1730,2332,4054,4755,3365,55099
55,077,15304,7798,7506,1558,2386,2682,1791,1427,2275,2477,1902,2985,4661,5159,3693,55077
55,075,40391,20316,20075,3963,6790,6626,4429,3716,6378,6419,4941,7679,13168,13045,9370,55075
55,079,951226,460464,490762,116846,208045,102767,53384,112503,216338,111694,72556,229349,424383,214461,125940,55079
29,205,6013,3025,2988,784,1044,810,556,671,983,866,680,1455,2027,1676,1236,29205
29,225,38655,19784,18871,5510,7789,4775,2810,4927,7060,4854,3184,10437,14849,9629,5994,29225
29,005,5229,2597,2632,518,895,755,604,492,844,734,723,1010,1739,1489,1327,29005
29,013,16296,7993,8303,1947,2894,2135,1365,1909,2863,2215,1774,3856,5757,4350,3139,29013
29,015,19107,9508,9599,1719,2650,3118,2849,1611,2667,3406,2944,3330,5317,6524,5793,29015
29,035,6147,3032,3115,744,1043,809,557,724,1091,811,650,1468,2134,1620,1207,29035
29,057,7578,3846,3732,865,1341,1140,826,708,1191,1223,933,1573,2532,2363,1759,29057
55,101,195602,96899,98703,23449,38429,25973,14077,22145,37416,27320,17507,45594,75845,53293,31584,55101
55,139,170411,85855,84556,17994,38419,21891,12069,17090,35170,21844,14945,35084,73589,43735,27014,55139
55,041,8995,4529,4466,913,1562,1350,1009,885,1464,1383,1045,1798,3026,2733,2054,55041
55,045,36896,18354,18542,4206,6824,5379,3070,4047,6724,5344,3610,8253,13548,10723,6680,55045
55,107,14132,7074,7058,1429,2263,2341,1591,1477,2078,2235,1757,2906,4341,4576,3348,55107
55,115,40904,20420,20484,4472,7197,6102,3978,4352,6934,5923,4496,8824,14131,12025,8474,55115
55,067,19146,9703,9443,1940,3270,3160,2078,1747,2965,3112,2392,3687,6235,6272,4470,55067
55,087,185700,92704,92996,22695,39116,23476,11893,21372,37422,24029,14656,44067,76538,47505,26549,55087
55,123,30633,15413,15220,4139,5033,4510,2775,3851,4929,4285,3054,7990,9962,8795,5829,55123
55,021,57133,29290,27843,6368,11683,8287,4651,5974,10251,7929,5317,12342,21934,16216,9968,55021
55,061,20387,10316,10071,2251,3768,3037,1895,2111,3503,3015,2143,4362,7271,6052,4038,55061
55,009,261368,129618,131750,31798,55171,32167,16750,30733,53787,33009,20788,62531,108958,65176,37538,55009
55,035,103514,51280,52234,11003,24139,11670,7014,10036,24304,12166,8651,21039,48443,23836,15665,55035
55,085,35381,17793,17588,3204,5637,5989,4349,2879,5313,6085,4702,6083,10950,12074,9051,55085
55,095,43438,21885,21553,4697,7690,6824,4190,4504,7269,6684,4527,9201,14959,13508,8717,55095
55,129,15688,7810,7878,1533,2275,2712,1990,1459,2304,2680,2048,2992,4579,5392,4038,55129
55,133,400475,196972,203503,44484,74745,57594,32351,42406,73998,59192,40063,86890,148743,116786,72414,55133
55,127,103074,51443,51631,11206,21192,13981,8107,10551,20481,14264,9524,21757,41673,28245,17631,55127
55,023,16235,8459,7776,1749,3044,2498,1791,1571,2474,2429,1883,3320,5518,4927,3674,55023
55,057,26478,14142,12336,2774,5480,4248,2564,2556,4091,3761,2766,5330,9571,8009,5330,55057
55,111,63922,31929,31993,7551,12475,8720,5157,7059,11790,8769,6317,14610,24265,17489,11474,55111
55,131,134925,66936,67989,15018,25454,19681,10695,14943,24440,19750,12852,29961,49894,39431,23547,55131
55,017,63892,33135,30757,7201,13382,9243,5239,6970,11116,8630,5935,14171,24498,17873,11174,55017
55,025,536078,266443,269635,56485,132040,58782,31685,53756,127302,63022,39294,110241,259342,121804,70979,55025
55,031,43295,21760,21535,4478,8721,6242,3736,4153,8417,6090,4057,8631,17138,12332,7793,55031
55,053,20522,10956,9566,2289,4448,2995,1841,2210,3274,2700,1951,4499,7722,5695,3792,55053
55,049,23618,11865,11753,2760,4291,3568,2035,2657,4099,3522,2219,5417,8390,7090,4254,55049
55,089,88597,43578,45019,9791,16198,12638,7676,9275,15946,13259,9368,19066,32144,25897,17044,55089
55,097,70632,35584,35048,7049,16229,9005,5291,6644,15344,8933,6060,13693,31573,17938,11351,55097
55,105,162152,79875,82277,19518,32073,20823,11567,18408,32161,21683,14572,37926,64234,42506,26139,55105
55,119,20325,10367,9958,2451,3566,3191,1838,2363,3306,2882,1990,4814,6872,6073,3828,55119
55,001,20094,10788,9306,1510,3564,3842,2894,1408,2451,3517,2879,2918,6015,7359,5773,55001
55,007,14993,7636,7357,1347,2229,2749,2045,1255,2133,2689,1983,2602,4362,5438,4028,55007
55,081,45771,23127,22644,5816,8622,6489,3603,5824,8172,5910,3934,11640,16794,12399,7537,55081
55,141,73112,35993,37119,8022,13093,10464,6608,7795,12786,10813,8095,15817,25879,21277,14703,55141
55,003,15617,7905,7712,1846,2946,2259,1391,1623,2758,2264,1565,3469,5704,4523,2956,55003
55,037,4314,2247,2067,378,653,835,567,298,577,802,538,676,1230,1637,1105,55037
55,055,84701,42338,42363,9307,17343,11606,6417,8817,16728,11908,7493,18124,34071,23514,13910,55055
56,005,47409,24089,23320,6478,10719,5831,2103,6650,9804,5633,2257,13128,20523,11464,4360,56005
56,023,19274,9801,9473,2679,3475,2632,1612,2556,3353,2592,1599,5235,6828,5224,3211,56023
56,025,80333,40342,39991,9988,17171,10074,5227,9400,16466,9790,6353,19388,33637,19864,11580,56025
56,009,13921,7169,6752,1786,2713,1924,1159,1682,2534,1755,1145,3468,5247,3679,2304,56009
56,027,2422,1091,1331,234,357,306,271,235,498,406,281,469,855,712,552,56027
56,037,43521,22471,21050,5924,9788,5381,2374,5623,8891,5006,2598,11547,18679,10387,4972,56037
47,177,40702,20242,20460,5016,8023,5152,3113,4612,7803,5270,3878,9628,15826,10422,6991,47177
47,179,127805,62285,65520,12449,27242,15940,10351,12183,27809,16475,12469,24632,55051,32415,22820,47179
47,183,33510,16406,17104,3374,7287,4153,2599,3107,7338,4277,3438,6481,14625,8430,6037,47183
47,005,16140,7937,8203,1670,2704,2436,1748,1479,2725,2440,2101,3149,5429,4876,3849,47005
47,007,14836,8707,6129,1654,3872,2252,1319,1178,2166,1952,1337,2832,6038,4204,2656,47007
47,013,39797,19434,20363,4195,7496,5127,3717,4028,7626,5621,4413,8223,15122,10748,8130,47013
47,015,14178,6999,7179,1505,2805,1891,1150,1514,2674,2056,1452,3019,5479,3947,2602,47015
47,083,8164,4154,4010,957,1583,1073,796,799,1458,1112,912,1756,3041,2185,1708,47083
47,119,91976,44440,47536,11058,18174,11243,6306,10489,18737,12766,7979,21547,36911,24009,14285,47119
48,373,48913,26465,22448,5197,10620,7692,4588,4716,7591,7431,4452,9913,18211,15123,9040,48373
48,391,7145,3439,3706,781,1231,897,698,875,1250,961,848,1656,2481,1858,1546,48391
48,467,55103,27074,28029,6609,9691,7550,5134,6164,10038,7894,5914,12773,19729,15444,11048,48467
48,055,42144,21313,20831,5331,9343,5022,2574,4817,8839,5021,3197,10148,18182,10043,5771,48055
48,487,12833,6266,6567,1402,2471,1552,1095,1474,2547,1538,1273,2876,5018,3090,2368,48487
48,317,5649,2943,2706,955,1042,678,358,800,1068,625,325,1755,2110,1303,683,48317
29,115,12113,5885,6228,1458,2115,1538,1076,1418,2059,1764,1411,2876,4174,3302,2487,29115
29,091,40104,19571,20533,4905,7344,5004,3527,4695,7395,5437,4324,9600,14739,10441,7851,29091
29,101,53682,27503,26179,5929,14107,5424,3147,5623,12656,5451,3434,11552,26763,10875,6581,29101
29,105,35531,17431,18100,4478,6512,4588,2778,4214,6822,4647,3443,8692,13334,9235,6221,29105
29,125,8803,4447,4356,896,1539,1301,920,877,1527,1252,955,1773,3066,2553,1875,29125
29,161,44630,23373,21257,4884,11223,5197,3212,4526,8567,5426,3827,9410,19790,10623,7039,29161
29,165,100682,49730,50952,12168,21382,12164,6500,11781,21066,12950,7883,23949,42448,25114,14383,29165
29,187,66643,35826,30817,7096,16926,8705,4843,6900,11762,8080,5953,13996,28688,16785,10796,29187
29,510,308174,149175,158999,30643,72587,35597,16939,29176,75892,37781,23537,59819,148479,73378,40476,29510
29,003,17503,8740,8763,2082,3305,2371,1481,1953,3127,2410,1798,4035,6432,4781,3279,29003
29,023,42656,20865,21791,5217,8022,5393,3466,4822,8066,5888,4436,10039,16088,11281,7902,29023
29,033,8781,4334,4447,1051,1549,1183,834,943,1535,1210,1042,1994,3084,2393,1876,29033
29,061,8295,4170,4125,1102,1423,1075,830,1029,1417,1104,866,2131,2840,2179,1696,29061
29,087,4432,2187,2245,454,715,708,502,449,677,673,603,903,1392,1381,1105,29087
29,127,28608,13856,14752,3392,5425,3609,2219,3432,5593,3808,2754,6824,11018,7417,4973,29127
29,151,13615,7034,6581,1619,2803,1861,1102,1526,2410,1790,1237,3145,5213,3651,2339,29151
29,181,13567,6749,6818,1613,2461,1679,1314,1503,2376,1979,1478,3116,4837,3658,2792,29181
29,219,34453,17144,17309,4193,6354,4722,2873,4020,6259,4793,3197,8213,12613,9515,6070,29219
29,221,24860,12778,12082,2815,5223,3430,1887,2856,4420,3359,2148,5671,9643,6789,4035,29221
29,043,85658,41886,43772,11193,16997,9918,5917,10686,17660,10555,7123,21879,34657,20473,13040,29043
29,063,12526,7855,4671,1097,4152,1994,981,993,1546,1284,1102,2090,5698,3278,2083,29063
29,081,8491,4215,4276,1086,1466,1119,825,997,1314,1169,1071,2083,2780,2288,1896,29081
29,107,32597,16270,16327,3972,5953,4374,2741,3535,5963,4388,3270,7507,11916,8762,6011,29107
29,001,25369,12321,13048,2572,6198,2517,1619,2156,6872,2445,2037,4728,13070,4962,3656,29001
29,199,4902,2426,2476,720,881,538,397,694,819,602,501,1414,1700,1140,898,29199
29,211,6247,3073,3174,712,1128,827,540,681,1162,806,712,1393,2290,1633,1252,29211
29,045,6779,3435,3344,810,1189,1011,633,737,1111,983,764,1547,2300,1994,1397,29045
29,097,119920,58563,61357,15314,24868,13453,7769,14751,25096,14364,10439,30065,49964,27817,18208,29097
29,111,9955,5044,4911,1193,1990,1274,845,1042,1896,1313,985,2235,3886,2587,1830,29111
29,119,22782,11656,11126,3147,4567,2795,1645,2635,4388,2849,1835,5782,8955,5644,3480,29119
29,157,19191,9499,9692,2338,3580,2533,1560,2212,3550,2605,1926,4550,7130,5138,3486,29157
29,167,31748,15532,16216,3700,6366,3673,2590,3638,6413,4036,3077,7338,12779,7709,5667,29167
29,177,22875,11276,11599,2574,4339,3153,1834,2642,4099,3218,2274,5216,8438,6371,4108,29177
30,041,16436,8307,8129,2325,3341,1882,1127,2221,3143,1861,1264,4546,6484,3743,2391,30041
30,015,5732,2819,2913,622,1046,808,556,734,976,811,590,1356,2022,1619,1146,30015
30,053,19537,9711,9826,1781,2725,3446,2749,1777,2703,3589,2669,3558,5428,7035,5418,30053
30,067,16352,8141,8211,1503,2952,2641,1744,1376,3037,2539,1822,2879,5989,5180,3566,30067
30,103,668,328,340,53,66,143,110,53,99,144,82,106,165,287,192,30103
30,005,6719,3350,3369,1076,1216,770,444,931,1256,813,569,2007,2472,1583,1013,30005
30,097,3670,1840,1830,372,577,467,540,322,486,565,570,694,1063,1032,1110,30097
30,099,6086,2973,3113,704,969,874,658,764,1012,835,722,1468,1981,1709,1380,30099
30,079,1252,643,609,132,189,198,187,153,164,199,163,285,353,397,350,30079
30,035,13732,6767,6965,2163,2704,1449,729,2173,2574,1559,892,4336,5278,3008,1621,30035
30,025,2921,1467,1454,336,639,332,208,391,451,410,313,727,1090,742,521,30025
30,037,728,370,358,58,58,182,110,47,97,164,75,105,155,346,185,30037
30,093,34770,17613,17157,3714,7246,4735,2996,3303,6683,4775,3523,7017,13929,9510,6519,30093
30,095,9466,4713,4753,1002,1504,1542,1056,1104,1489,1452,1023,2106,2993,2994,2079,30095
30,043,11917,6027,5890,1234,1973,2115,1299,1278,1893,2002,1149,2512,3866,4117,2448,30043
30,039,3311,1708,1603,317,454,621,512,308,424,565,453,625,878,1186,965,30039
30,107,2142,1032,1110,277,385,247,200,261,385,320,232,538,770,567,432,30107
30,057,8302,4294,4008,610,1399,1419,1287,663,1205,1437,1115,1273,2604,2856,2402,30057
30,091,3483,1747,1736,383,584,522,382,325,604,516,425,708,1188,1038,807,30091
30,011,1331,683,648,153,207,210,145,134,201,196,156,287,408,406,301,30011
30,003,13387,6680,6707,2444,2357,1396,759,2097,2578,1442,866,4541,4935,2838,1625,30003
30,047,30013,14899,15114,3748,4998,4074,3172,3411,5088,4447,3251,7159,10086,8521,6423,30047
30,049,67805,33580,34225,7483,13083,9352,5772,7132,12970,10140,6421,14615,26053,19492,12193,30049
30,073,5994,2974,3020,748,1022,837,570,723,1014,841,628,1471,2036,1678,1198,30073
30,111,159008,78348,80660,19127,32307,19747,11747,18324,31841,20512,14528,37451,64148,40259,26275,30111
30,063,117309,58730,58579,11373,28828,13593,8385,10892,27511,14056,9268,22265,56339,27649,17653,30063
48,501,8631,4480,4151,1547,1838,841,467,1304,1723,759,524,2851,3561,1600,991,48501
48,189,33826,17635,16191,4653,8014,3581,2085,4555,6432,3444,2397,9208,14446,7025,4482,48189
48,419,25349,12585,12764,3402,4816,3145,2035,3251,4672,3196,2370,6653,9488,6341,4405,48419
48,387,12171,5759,6412,1214,2009,1652,1346,1227,2212,1879,1629,2441,4221,3531,2975,48387
48,399,10277,5160,5117,1263,1890,1328,968,1133,1798,1307,1153,2396,3688,2635,2121,48399
48,435,3824,2065,1759,590,757,495,358,419,668,462,333,1009,1425,957,691,48435
48,451,117986,58707,59279,14150,27007,12394,8037,13886,24981,13586,9800,28036,51988,25980,17837,48451
48,469,92109,45075,47034,11949,18717,10331,6394,11535,18652,11027,8173,23484,37369,21358,14567,48469
48,481,41577,20419,21158,5475,7905,5186,3098,5327,7953,5164,3821,10802,15858,10350,6919,48481
48,485,131596,68389,63207,15188,33364,14405,8149,14242,26378,14881,10894,29430,59742,29286,19043,48485
48,033,613,293,320,77,86,66,82,102,80,85,85,179,166,151,167,48033
48,315,10017,4858,5159,824,1548,1740,1245,972,1583,1674,1347,1796,3131,3414,2592,48315
48,323,58174,28973,29201,9277,12913,4825,2960,9049,12072,5425,3744,18326,24985,10250,6704,48323
48,181,131014,63944,67070,15928,24873,16487,10295,15172,25510,17496,12648,31100,50383,33983,22943,48181
48,297,12139,6707,5432,1322,2931,1528,1201,1105,1870,1390,1261,2427,4801,2918,2462,48297
48,363,28540,14057,14483,3498,5136,3697,2582,3188,5272,4050,2966,6686,10408,7747,5548,48363
48,255,15545,9147,6398,1698,5064,1724,988,1539,2409,1546,1192,3237,7473,3270,2180,48255
48,123,20340,10574,9766,2286,4342,2934,1709,2321,3163,2649,2234,4607,7505,5583,3943,48123
48,059,13856,6899,6957,1617,2446,1839,1364,1485,2427,2069,1484,3102,4873,3908,2848,48059
48,067,30059,14496,15563,3440,5074,3995,2972,3345,5374,4158,3614,6785,10448,8153,6586,48067
48,183,123443,60105,63338,16330,25216,13333,7871,15605,25439,14927,10746,31935,50655,28260,18617,48183
48,313,14197,8060,6137,1435,4586,1404,997,1607,2145,1540,1158,3042,6731,2944,2155,48313
48,303,304808,150307,154501,37067,74523,27928,16090,35994,72828,31701,21023,73061,147351,59629,37113,48303
48,257,123804,60806,62998,17442,25711,13412,6547,16893,26403,14434,8038,34335,52114,27846,14585,48257
48,259,43769,21485,22284,5302,8087,5573,3739,5054,7937,5983,4530,10356,16024,11556,8269,48259
48,153,5803,2828,2975,782,1034,617,483,774,1097,638,598,1556,2131,1255,1081,48153
48,017,7100,3611,3489,1003,1515,786,449,1058,1394,681,536,2061,2909,1467,985,48017
48,071,41305,20939,20366,6066,8767,4749,2110,5518,8637,4760,2384,11584,17404,9509,4494,48071
48,027,348574,173837,174737,49033,83895,30559,16293,47725,79114,34200,20500,96758,163009,64759,36793,48027
48,061,421666,204948,216718,65918,85437,37300,24532,63816,87924,43427,30933,129734,173361,80727,55465,48061
48,117,18736,9387,9349,3025,3850,1795,1064,2841,3711,1866,1272,5866,7561,3661,2336,48117
48,141,836062,411665,424397,116721,190894,75878,42414,112781,182981,89157,57138,229502,373875,165035,99552,48141
48,283,7416,4322,3094,749,2267,781,654,749,1191,717,609,1498,3458,1498,1263,48283
48,443,896,423,473,72,116,112,152,63,122,215,141,135,238,327,293,48443
48,457,21518,11699,9819,2249,5252,2813,2073,1913,3197,2933,2570,4162,8449,5746,4643,48457
48,483,5338,2746,2592,794,932,681,503,575,987,661,521,1369,1919,1342,1024,48483
48,009,8716,4347,4369,966,1657,1260,773,928,1467,1306,929,1894,3124,2566,1702,48009
48,043,9231,4648,4583,884,1813,1356,1047,885,1796,1263,1025,1769,3609,2619,2072,48043
48,215,855176,418867,436309,143372,181538,66113,41071,138366,186086,75899,51657,281738,367624,142012,92728,48215
48,423,227449,109770,117679,28691,45387,25143,16306,27321,48321,27542,20538,56012,93708,52685,36844,48423
48,105,3484,1680,1804,358,706,462,215,488,678,422,306,846,1384,884,521,48105
48,207,5726,2964,2762,468,1353,777,570,584,944,766,692,1052,2297,1543,1262,48207
48,227,36349,20151,16198,4110,9836,4764,2188,3926,6817,3680,2492,8036,16653,8444,4680,48227
48,333,4889,2376,2513,505,680,647,699,432,724,737,805,937,1404,1384,1504,48333
48,337,19489,9460,10029,2130,3279,2671,2015,2337,3263,2821,2345,4467,6542,5492,4360,48337
48,365,23327,11494,11833,2817,4487,2973,1992,2687,4455,3074,2364,5504,8942,6047,4356,48365
48,403,10471,5013,5458,874,1465,1522,1577,1089,1453,1720,1615,1963,2918,3242,3192,48403
48,421,3059,1596,1463,358,656,452,182,332,598,368,226,690,1254,820,408,48421
48,437,7432,4052,3380,1039,1762,876,673,836,1221,797,692,1875,2983,1673,1365,48437
48,231,94162,46261,47901,11389,18958,11601,6744,11137,19106,12145,8142,22526,38064,23746,14886,48231
48,063,12878,6266,6612,1820,2230,1396,1128,1577,2412,1827,1250,3397,4642,3223,2378,48063
48,195,5520,2817,2703,856,1030,652,411,788,1012,568,440,1644,2042,1220,851,48195
48,187,158966,78619,80347,20676,34073,17602,9833,19657,33900,19084,11837,40333,67973,36686,21670,48187
48,077,10403,5214,5189,1094,1810,1555,1136,1033,1720,1503,1237,2127,3530,3058,2373,48077
48,205,5669,3346,2323,608,1801,651,380,610,853,513,472,1218,2654,1164,852,48205
48,383,3766,1955,1811,662,853,341,169,569,801,351,139,1231,1654,692,308,48383
48,217,35689,17809,17880,4365,6335,4644,3488,3956,6370,5005,3844,8321,12705,9649,7332,48217
48,293,23417,12010,11407,2694,4995,3015,2014,2580,4062,3188,2375,5274,9057,6203,4389,48293
48,347,65339,31350,33989,7753,14299,6508,4146,7422,15781,7094,5140,15175,30080,13602,9286,48347
48,369,9718,4982,4736,1412,2055,1159,623,1438,1765,1019,689,2850,3820,2178,1312,48369
48,367,133811,66500,67311,16948,25903,17080,9719,16195,26064,17297,10792,33143,51967,34377,20511,48367
30,081,42512,21114,21398,4336,6778,6537,5153,3889,6766,7041,5521,8225,13544,13578,10674,30081
30,105,7471,3700,3771,860,1225,1076,769,786,1291,1008,889,1646,2516,2084,1658,30105
30,013,81625,41235,40390,9548,17077,9901,6920,8797,15441,10663,8030,18345,32518,20564,14950,30013
30,027,11221,5742,5479,1302,1926,1657,1290,1044,1905,1639,1315,2346,3831,3296,2605,30027
30,033,1036,552,484,147,164,152,142,65,191,157,97,212,355,309,239,30033
30,061,4251,2177,2074,374,632,735,629,410,579,731,564,784,1211,1466,1193,30061
30,069,453,235,218,61,54,77,51,30,70,72,50,91,124,149,101,30069
30,077,6854,4294,2560,476,2131,1244,721,554,739,750,650,1030,2870,1994,1371,30077
30,089,11681,5995,5686,1108,1639,2076,1819,973,1538,2113,1687,2081,3177,4189,3506,30089
30,109,1122,524,598,143,117,193,111,158,192,167,139,301,309,360,250,30109
30,031,108063,56112,51951,11094,29786,11256,6350,10554,25644,11395,6865,21648,55430,22651,13215,30031
30,059,1888,974,914,169,356,303,222,194,276,298,231,363,632,601,453,30059
30,009,10597,5372,5225,988,1685,1885,1318,890,1678,1838,1330,1878,3363,3723,2648,30009
30,001,9415,4682,4733,828,1840,1268,1029,826,1841,1385,981,1654,3681,2653,2010,30001
30,029,99899,49898,50001,11477,18654,14026,9081,10545,18402,14907,9602,22022,37056,28933,18683,30029
30,065,4766,2379,2387,482,746,806,617,464,680,855,618,946,1426,1661,1235,30065
31,083,3415,1733,1682,390,522,556,431,437,486,434,414,827,1008,990,845,31083
31,185,13745,6708,7037,1705,2491,1652,1209,1457,2636,1845,1501,3162,5127,3497,2710,31185
31,019,49209,24601,24608,6077,11507,5046,3052,5472,11106,5325,3811,11549,22613,10371,6863,31019
31,037,10714,5936,4778,1842,2410,1284,626,1349,1838,1091,722,3191,4248,2375,1348,31037
31,087,2815,1400,1415,338,439,408,322,306,430,392,390,644,869,800,712,31087
31,141,33174,16998,16176,4585,6537,4071,2650,4114,5826,3995,3084,8699,12363,8066,5734,31141
31,143,5225,2546,2679,565,850,766,530,634,882,693,609,1199,1732,1459,1139,31143
31,013,10970,5505,5465,1483,1892,1523,857,1311,2017,1437,1027,2794,3909,2960,1884,31013
31,017,3015,1462,1553,288,464,443,369,312,455,424,445,600,919,867,814,31017
31,161,5231,2535,2696,540,863,722,610,623,786,738,713,1163,1649,1460,1323,31161
31,109,313158,157231,155927,36726,76034,32796,18696,34948,70862,34508,23481,71674,146896,67304,42177,31109
31,129,4244,2114,2130,457,665,650,505,430,602,662,626,887,1267,1312,1131,31129
31,007,722,350,372,82,105,107,74,81,102,135,81,163,207,242,155,31007
31,063,2640,1349,1291,280,464,368,326,238,473,325,342,518,937,693,668,31063
31,055,560617,276459,284158,73620,123711,59978,30873,70654,122678,64049,40021,144274,246389,124027,70894,31055
31,147,7961,3973,3988,924,1258,1190,854,777,1247,1183,1065,1701,2505,2373,1919,31147
31,089,10177,5128,5049,1308,1674,1488,997,1172,1547,1451,1196,2480,3221,2939,2193,31089
31,065,4747,2347,2400,530,779,712,515,528,728,690,647,1058,1507,1402,1162,31065
31,151,14270,7263,7007,1754,3206,1739,954,1788,2894,1559,1104,3542,6100,3298,2058,31151
31,173,7181,3566,3615,1347,1296,685,384,1233,1323,714,473,2580,2619,1399,857,31173
31,177,20361,10058,10303,2607,3580,2834,1678,2396,3683,2970,1953,5003,7263,5804,3631,31177
31,031,5779,2940,2839,694,1049,813,555,648,959,782,640,1342,2008,1595,1195,31031
31,053,36665,18022,18643,4487,6982,4498,3042,4300,6848,4581,3935,8787,13830,9079,6977,31053
31,069,1864,942,922,189,292,256,252,186,254,299,264,375,546,555,516,31069
31,123,4781,2426,2355,586,880,611,476,547,797,657,486,1133,1677,1268,962,31123
31,127,6973,3486,3487,751,1431,901,643,715,1342,902,734,1466,2773,1803,1377,31127
31,171,645,289,356,62,113,73,54,65,122,117,83,127,235,190,137,31171
31,043,20173,10125,10048,3076,4066,2253,1265,2791,4043,2260,1441,5867,8109,4513,2706,31043
31,003,6341,3186,3155,781,1028,942,673,710,961,949,782,1491,1989,1891,1455,31003
31,029,3783,1833,1950,416,659,464,367,458,642,486,462,874,1301,950,829,31029
31,035,6203,3159,3044,792,1071,906,601,743,1033,819,635,1535,2104,1725,1236,31035
31,041,10826,5377,5449,1264,1903,1421,1077,1287,1777,1500,1291,2551,3680,2921,2368,31041
31,061,2987,1473,1514,288,446,508,372,269,458,481,437,557,904,989,809,31061
31,081,9215,4575,4640,1139,1618,1306,857,1045,1644,1293,941,2184,3262,2599,1798,31081
31,095,7144,3473,3671,739,1175,1065,747,825,1100,1052,939,1564,2275,2117,1686,31095
31,101,8068,4130,3938,869,1300,1278,1052,755,1217,1195,1103,1624,2517,2473,2155,31101
31,115,605,313,292,51,107,117,64,42,75,131,84,93,182,248,148,31115
31,135,2901,1500,1401,395,509,397,317,325,439,391,350,720,948,788,667,31135
31,155,21165,10692,10473,2660,3764,3079,1872,2487,3649,2849,1999,5147,7413,5928,3871,31155
31,157,36074,17450,18624,4532,6659,4296,2876,4441,6643,4655,3873,8973,13302,8951,6749,31157
31,103,760,366,394,85,107,97,88,114,113,91,95,199,220,188,183,31103
31,105,3633,1816,1817,392,632,525,394,389,564,486,499,781,1196,1011,893,31105
31,111,35263,17300,17963,4130,6747,4429,2971,4224,6452,4595,3690,8354,13199,9024,6661,31111
48,377,6975,3352,3623,860,1160,765,789,949,1172,969,894,1809,2332,1734,1683,48377
48,465,48969,24997,23972,7081,11410,4246,3175,6863,9704,4946,3753,13944,21114,9192,6928,48465
48,109,2214,1260,954,402,467,251,185,236,351,274,142,638,818,525,327,48109
48,135,160579,81516,79063,24757,37989,14407,6695,23698,34679,14770,8542,48455,72668,29177,15237,48135
48,169,6070,3829,2241,442,2302,863,374,520,834,551,460,962,3136,1414,834,48169
48,173,1510,867,643,236,446,142,65,107,324,144,84,343,770,286,149,48173
48,185,27984,15171,12813,3142,6601,4002,2356,3167,4659,3363,2385,6309,11260,7365,4741,48185
48,085,973977,479151,494826,130413,216160,104029,45703,125705,221668,110538,58332,256118,437828,214567,104035,48085
48,005,87322,42606,44716,11277,17082,10265,6113,11171,17637,10530,7734,22448,34719,20795,13847,48005
48,101,1642,741,901,268,203,168,138,245,325,184,203,513,528,352,341,48101
48,209,213366,106252,107114,25325,54083,20425,10470,24044,53333,21469,12348,49369,107416,41894,22818,48209
48,039,360677,182333,178344,48952,81290,40357,19188,46667,76751,39675,22557,95619,158041,80032,41745,48039
48,129,3342,1700,1642,370,652,439,347,298,605,439,429,668,1257,878,776,48129
48,013,49528,24733,24795,6933,10138,5428,3303,6685,9930,5728,3796,13618,20068,11156,7099,48013
48,353,14904,7643,7261,2068,3043,1764,1189,1804,2666,1762,1441,3872,5709,3526,2630,48353
48,229,4415,2218,2197,459,1066,465,352,624,809,518,323,1083,1875,983,675,48229
48,475,11658,5812,5846,1538,2583,1236,724,1684,2272,1328,882,3222,4855,2564,1606,48475
48,203,66580,32338,34242,8379,12660,8040,4954,8521,13049,8620,6011,16900,25709,16660,10965,48203
48,327,2119,1158,961,155,424,299,369,111,322,294,297,266,746,593,666,48327
48,149,25141,12393,12748,2645,4120,3762,2875,2512,4044,3799,3312,5157,8164,7561,6187,48149
48,491,547604,269549,278055,72918,124045,54346,28651,69405,125484,59115,36089,142323,249529,113461,64740,48491
48,233,21344,10772,10572,2782,4214,2776,1633,2704,3999,2719,1837,5486,8213,5495,3470,48233
48,343,12373,5865,6508,1396,2108,1595,1211,1446,2248,1837,1446,2842,4356,3432,2657,48343
48,361,84069,41719,42350,10797,16765,10358,5875,10053,16579,10687,7235,20850,33344,21045,13110,48361
48,495,7867,4049,3818,1224,1798,758,405,1128,1615,731,501,2352,3413,1489,906,48495
48,201,4646630,2309012,2337618,634185,1087308,461303,208718,611707,1066507,489186,263430,1245892,2153815,950489,472148,48201
48,053,46530,22992,23538,5139,8080,6587,4824,4812,8052,7083,5379,9951,16132,13670,10203,48053
48,171,26459,12798,13661,2744,3942,3442,3617,2586,3962,4018,4141,5330,7904,7460,7758,48171
48,113,2606868,1285388,1321480,350346,601689,262041,117127,336992,603489,277699,155603,687338,1205178,539740,272730,48113
48,311,774,413,361,100,177,94,72,124,129,58,70,224,306,152,142,48311
48,503,18036,8785,9251,2104,3145,2429,1648,2272,3199,2287,2033,4376,6344,4716,3681,48503
48,251,167212,83534,83678,22423,34567,19699,10450,21143,33762,20200,12696,43566,68329,39899,23146,48251
48,223,36486,17904,18582,4633,6760,4581,3042,4457,6989,4784,3624,9090,13749,9365,6666,48223
48,357,10131,5127,5004,1637,2078,1120,502,1516,2130,986,562,3153,4208,2106,1064,48357
48,275,3705,1845,1860,510,650,472,270,478,607,464,409,988,1257,936,679,48275
48,309,251089,122580,128509,31910,55000,25675,15420,30210,56299,28054,20082,62120,111299,53729,35502,48309
48,095,3266,2098,1168,324,1052,495,331,172,385,404,321,496,1437,899,652,48095
48,137,1918,993,925,174,403,164,361,110,345,290,225,284,748,454,586,48137
48,133,18273,9150,9123,1888,3582,2231,1877,1935,3063,2376,2214,3823,6645,4607,4091,48133
48,243,2241,988,1253,116,207,402,410,260,347,424,353,376,554,826,763,48243
48,247,5231,2557,2674,942,849,604,244,731,922,669,500,1673,1771,1273,744,48247
48,339,571949,283117,288832,77084,119059,67011,33248,74245,119288,69516,40104,151329,238347,136527,73352,48339
48,127,10438,5060,5378,1544,1920,1082,795,1525,2061,1160,968,3069,3981,2242,1763,48127
48,479,273526,133948,139578,46221,59561,21063,10752,44692,60516,24591,14389,90913,120077,45654,25141,48479
48,011,1973,982,991,246,355,265,187,210,329,289,238,456,684,554,425,48011
48,069,7673,3853,3820,1077,1505,930,549,1153,1427,825,615,2230,2932,1755,1164,48069
48,273,30974,15656,15318,3766,8033,2551,1863,3757,7295,2727,2167,7523,15328,5278,4030,48273
48,097,40041,19871,20170,4997,7444,5229,3341,4553,7573,5224,3928,9550,15017,10453,7269,48097
48,107,5836,2899,2937,823,1069,644,481,745,1061,716,579,1568,2130,1360,1060,48107
48,151,3856,1833,2023,397,688,475,373,473,692,530,507,870,1380,1005,880,48151
48,131,11268,5717,5551,1401,2462,1151,910,1499,2018,1263,1068,2900,4480,2414,1978,48131
48,031,11478,5931,5547,1203,1817,1998,1372,895,1735,1991,1502,2098,3552,3989,2874,48031
48,241,35506,17510,17996,4340,6471,4500,3197,4230,6386,4900,3678,8570,12857,9400,6875,48241
48,245,254340,130051,124289,31048,59178,29782,15887,29874,50288,29483,20251,60922,109466,59265,36138,48245
48,271,3659,2170,1489,293,933,714,420,177,437,447,484,470,1370,1161,904,48271
48,359,2094,1106,988,407,379,201,157,297,337,263,152,704,716,464,309,48359
48,279,13123,6583,6540,1884,2533,1516,955,1782,2330,1515,1214,3666,4863,3031,2169,48279
48,295,3398,1712,1686,506,674,356,251,396,640,396,330,902,1314,752,581,48295
48,307,8057,4366,3691,1232,1327,1180,847,584,1352,1058,912,1816,2679,2238,1759,48307
48,319,4186,2257,1929,642,630,711,478,354,663,575,543,996,1293,1286,1021,48319
48,125,2203,1084,1119,209,449,256,204,233,298,355,320,442,747,611,524,48125
31,139,7144,3555,3589,897,1265,985,620,893,1179,1019,730,1790,2444,2004,1350,31139
31,165,1219,587,632,126,167,198,141,128,218,179,129,254,385,377,270,31165
31,021,6510,3177,3333,776,992,931,681,686,1089,936,859,1462,2081,1867,1540,31021
31,025,25888,13070,12818,3265,4817,3651,2067,2967,4633,3744,2329,6232,9450,7395,4396,31025
31,039,8952,4487,4465,1059,1483,1325,884,1143,1401,1091,1060,2202,2884,2416,1944,31039
31,051,5719,2909,2810,770,972,858,524,657,976,759,618,1427,1948,1617,1142,31051
31,057,1913,977,936,252,332,298,202,206,339,244,210,458,671,542,412,31057
31,075,722,387,335,90,139,104,79,82,99,107,73,172,238,211,152,31075
31,077,2382,1172,1210,275,367,338,281,285,351,320,321,560,718,658,602,31077
31,079,61265,30884,30381,8779,12465,6876,4039,8022,11808,7276,4899,16801,24273,14152,8938,31079
31,085,893,464,429,93,151,156,82,97,119,150,84,190,270,306,166,31085
31,131,15949,7817,8132,1938,2947,2006,1321,1889,2830,2214,1733,3827,5777,4220,3054,31131
31,145,10768,5346,5422,1220,2056,1377,982,1237,1850,1462,1173,2457,3906,2839,2155,31145
31,027,8498,4327,4171,1162,1365,1227,840,994,1309,1143,966,2156,2674,2370,1806,31027
31,045,8810,4266,4544,798,1962,977,726,778,2099,1019,884,1576,4061,1996,1610,31045
31,097,5161,3071,2090,501,1524,780,421,460,631,614,518,961,2155,1394,939,31097
31,033,9604,4759,4845,1080,1857,1274,790,1176,1735,1198,989,2256,3592,2472,1779,31033
31,047,23733,12279,11454,3328,4921,2894,1705,3170,4284,2551,1991,6498,9205,5445,3696,31047
31,071,2001,1005,996,220,285,318,261,177,287,349,310,397,572,667,571,31071
31,117,395,204,191,42,46,76,65,19,49,82,53,61,95,158,118,31117
31,125,3544,1779,1765,425,602,538,309,358,564,509,414,783,1166,1047,723,31125
31,167,5957,2984,2973,737,1093,847,486,760,981,861,559,1497,2074,1708,1045,31167
31,175,4206,2048,2158,472,663,538,501,466,694,588,566,938,1357,1126,1067,31175
32,001,24259,12284,11975,2821,4732,3281,2190,2715,4417,3317,2340,5536,9149,6598,4530,32001
32,005,48132,24169,23963,4200,7640,7851,6601,3971,7178,8324,6590,8171,14818,16175,13191,32005
32,027,6615,4243,2372,483,2215,1162,594,627,762,671,442,1110,2977,1833,1036,32027
32,011,1859,939,920,199,327,315,178,229,274,319,157,428,601,634,335,32011
32,013,16828,8680,8148,2233,3583,2219,1158,2328,3214,1972,1101,4561,6797,4191,2259,32013
32,033,9679,5688,3991,1083,2636,1458,797,906,1409,1083,803,1989,4045,2541,1600,32033
32,007,52297,27216,25081,7411,11730,6383,2844,6921,10595,5824,2899,14332,22325,12207,5743,32007
32,023,44380,22543,21837,3816,6754,7633,6614,3780,6217,7403,6559,7596,12971,15036,13173,32023
32,029,3988,2108,1880,384,644,682,584,331,567,631,558,715,1211,1313,1142,32029
32,003,2182004,1089228,1092776,260636,484100,249416,147190,249817,474171,257626,168296,510453,958271,507042,315486,32003
32,019,54380,27450,26930,5815,10076,7748,5686,5951,9490,7855,5686,11766,19566,15603,11372,32019
33,005,76042,37138,38904,6952,15071,10822,6738,6737,15342,11296,7981,13689,30413,22118,14719,33005
33,009,89777,44210,45567,7560,18697,12434,8384,7153,18600,13151,9580,14713,37297,25585,17964,33009
33,015,306359,151844,154515,30884,59623,46425,24141,29318,58131,48348,28629,60202,117754,94773,52770,33015
33,019,43104,21432,21672,4150,8015,6758,4138,4014,7499,6914,4810,8164,15514,13672,8948,33019
33,011,413035,205394,207641,43839,87204,56643,28170,41725,84460,58109,34732,85564,171664,114752,62902,33011
33,007,31741,16723,15018,2706,6469,5355,3490,2540,4848,4970,3830,5246,11317,10325,7320,33007
33,003,48138,23882,24256,4123,7334,8162,6276,3643,7409,8667,6705,7766,14743,16829,12981,33003
34,021,367922,179846,188076,40227,80372,44105,23325,38477,79688,47987,31616,78704,160060,92092,54941,34021
34,011,151906,77686,74220,18359,35461,17371,9864,17814,29129,18519,12812,36173,64590,35890,22676,34011
34,035,329838,161195,168643,37620,65064,44335,21629,35670,65696,46701,28761,73290,130760,91036,50390,34035
34,029,596415,287757,308658,73054,102130,72813,56801,69445,100760,82041,77079,142499,202890,154854,133880,34029
34,001,266105,128791,137314,29118,50902,34736,20616,27967,52565,38674,26041,57085,103467,73410,46657,34001
34,023,825920,407170,418750,92231,181908,99786,52597,88247,177544,105993,68616,180478,359452,205779,121213,34023
34,033,62990,30823,32167,7002,11932,8502,5108,6643,11931,9156,6429,13645,23863,17658,11537,34033
34,009,93086,45495,47591,8406,15847,14147,10774,7985,14711,15916,13285,16391,30558,30063,24059,34009
34,007,506738,244647,262091,59268,103418,60679,32926,56590,106465,67752,44865,115858,209883,128431,77791,34007
34,039,554033,270127,283906,66207,116566,65953,33244,64126,116759,71384,45381,130333,233325,137337,78625,34039
34,017,670046,333123,336923,70068,176243,65539,32701,67514,165762,71672,45946,137582,342005,137211,78647,34017
34,019,124823,62104,62719,12727,22856,19885,10365,12078,21891,20432,11930,24805,44747,40317,22295,34019
34,027,493379,242146,251233,54164,96515,67839,36168,51381,96287,70600,46311,105545,192802,138439,82479,34027
35,023,4297,2130,2167,426,752,681,426,523,679,622,484,949,1431,1303,910,35023
35,031,72438,34986,37452,10672,14987,6831,3560,10310,15295,8583,5050,20982,30282,15414,8610,35031
35,043,142704,69943,72761,17286,27874,17674,11108,16349,28087,19978,13292,33635,55961,37652,24400,35043
35,017,27669,13652,14017,2952,4509,3680,3596,2626,4672,4147,3751,5578,9181,7827,7347,35017
35,009,49732,25956,23776,6909,12654,4568,2670,6297,10180,4834,3421,13206,22834,9402,6091,35009
48,287,17058,8530,8528,1906,3339,2247,1514,1878,3194,2282,1700,3784,6533,4529,3214,48287
48,439,2049770,1002709,1047061,276765,449744,215433,98602,266879,466238,229391,127136,543644,915982,444824,225738,48439
48,001,57810,35201,22609,5756,19038,7949,3848,5492,8268,5818,4430,11248,27306,13767,8278,48001
48,139,173772,85705,88067,23864,35876,20202,9802,22694,36631,20935,12128,46558,72507,41137,21930,48139
48,239,14816,7316,7500,1831,2885,1907,1168,1942,2728,1770,1409,3773,5613,3677,2577,48239
48,265,51843,25027,26816,5135,8348,6836,6541,4867,8897,7460,7483,10002,17245,14296,14024,48265
48,331,24770,12270,12500,3191,4273,3194,2325,2860,4329,3373,2713,6051,8602,6567,5038,48331
48,093,13529,6798,6731,1579,2213,2017,1517,1440,2224,1851,1730,3019,4437,3868,3247,48093
48,145,17272,8127,9145,1810,3180,2136,1490,1862,3884,2300,1605,3672,7064,4436,3095,48145
48,047,7141,3807,3334,940,2048,560,463,950,1213,805,578,1890,3261,1365,1041,48047
48,015,29764,14682,15082,3494,5448,3911,2658,3638,5366,4091,2919,7132,10814,8002,5577,48015
48,261,568,280,288,112,65,76,41,56,111,37,103,168,176,113,144,48261
48,089,21224,10590,10634,2510,3680,2977,2127,2481,3410,2920,2467,4991,7090,5897,4594,48089
48,409,67008,33774,33234,9421,14021,7523,4536,8681,13333,7647,5254,18102,27354,15170,9790,48409
48,381,134026,65721,68305,16367,29129,14668,8733,15870,28884,16363,10926,32237,58013,31031,19659,48381
48,411,5991,3077,2914,614,1224,750,627,630,992,725,755,1244,2216,1475,1382,48411
48,413,2983,1505,1478,406,556,414,240,383,571,324,320,789,1127,738,560,48413
48,507,12039,6221,5818,1851,2738,1162,729,1705,2222,1304,936,3556,4960,2466,1665,48507
48,057,21668,11082,10586,2755,4352,2873,1803,2600,4108,2493,1966,5355,8460,5366,3769,48057
48,155,1275,632,643,105,203,193,176,126,180,194,169,231,383,387,345,48155
48,175,7565,3756,3809,863,1199,1220,807,775,1312,1158,857,1638,2511,2378,1664,48175
48,193,8332,4164,4168,901,1451,1177,928,830,1346,1129,1114,1731,2797,2306,2042,48193
48,335,8523,5179,3344,908,2984,932,576,780,1224,709,740,1688,4208,1641,1316,48335
48,449,32640,16066,16574,4766,6465,3492,2069,4667,6681,3593,2492,9433,13146,7085,4561,48449
48,285,20021,9697,10324,2292,3344,2703,2073,2453,3292,2711,2589,4745,6636,5414,4662,48285
48,445,12528,6420,6108,1570,2922,1416,817,1880,2125,1378,1072,3450,5047,2794,1889,48445
48,497,66290,33406,32884,8454,13221,8681,4733,8007,12893,8574,5118,16461,26114,17255,9851,48497
48,321,36774,18349,18425,4752,6910,4836,2863,4741,6770,4820,3145,9493,13680,9656,6008,48321
48,371,15815,8966,6849,1941,4426,1946,981,1947,2660,1520,1031,3888,7086,3466,2012,48371
48,397,97175,47995,49180,13528,20234,10882,5268,12864,20231,11828,6486,26392,40465,22710,11754,48397
48,441,136870,66757,70113,17104,30809,13222,8299,16778,30607,14692,11183,33882,61416,27914,19482,48441
48,447,1436,658,778,88,225,202,192,142,239,234,210,230,464,436,402,48447
48,471,72321,42217,30104,5501,24090,9756,4466,5300,15195,6451,4721,10801,39285,16207,9187,48471
48,499,44366,22059,22307,4477,7471,6268,5519,4138,7051,6627,6339,8615,14522,12895,11858,48499
48,007,24462,11904,12558,2200,3772,3854,3240,2389,3730,4071,3471,4589,7502,7925,6711,48007
48,079,2887,1495,1392,418,597,324,226,363,567,304,229,781,1164,628,455,48079
48,081,3303,1647,1656,405,491,497,404,286,514,499,537,691,1005,996,941,48081
48,099,75280,37556,37724,8823,20798,5792,3196,8606,19283,7066,4208,17429,40081,12858,7404,48099
48,211,3994,2032,1962,597,817,450,250,664,693,407,277,1261,1510,857,527,48211
48,341,21399,11218,10181,3614,4855,2159,1065,3130,4219,2046,1218,6744,9074,4205,2283,48341
48,375,119674,61773,57901,16879,28014,12976,6447,16053,23855,12284,8136,32932,51869,25260,14583,48375
48,405,8286,3969,4317,790,1206,1292,1060,852,1368,1268,1124,1642,2574,2560,2184,48405
48,417,3296,1750,1546,571,550,445,287,201,641,456,345,772,1191,901,632,48417
48,427,64078,31183,32895,10522,13615,4863,3124,10632,13532,5982,4072,21154,27147,10845,7196,48427
48,461,3659,1901,1758,474,782,474,277,484,601,450,334,958,1383,924,611,48461
48,049,37855,18681,19174,4263,7251,4936,3389,4124,7154,4905,3999,8387,14405,9841,7388,48049
48,191,3048,1534,1514,371,519,426,302,307,507,401,379,678,1026,827,681,48191
48,159,10716,5245,5471,1304,1797,1449,1069,1286,1798,1504,1255,2590,3595,2953,2324,48159
48,163,19871,11883,7988,2530,6774,1752,1165,2212,3101,1768,1303,4742,9875,3520,2468,48163
48,281,20862,10426,10436,2348,4142,2609,1787,2284,3744,2958,2127,4632,7886,5567,3914,48281
50,019,26901,13512,13389,2675,5061,4028,2771,2535,4655,4081,3176,5210,9716,8109,5947,50019
50,013,7022,3489,3533,617,1230,1233,700,617,1212,1281,701,1234,2442,2514,1401,50013
50,007,162646,79812,82834,15186,38849,19249,10278,13955,38955,20541,13529,29141,77804,39790,23807,50007
50,015,25318,12686,12632,2607,5367,3401,2094,2560,5077,3587,2142,5167,10444,6988,4236,50015
50,011,49116,24403,24713,5558,9861,6760,3553,5401,9702,6926,4090,10959,19563,13686,7643,50011
50,005,30234,15192,15042,3115,5868,4409,2845,2821,5378,4816,3207,5936,11246,9225,6052,50005
50,025,42823,20800,22023,3874,7593,6591,4311,3845,7603,7234,5067,7719,15196,13825,9378,50025
50,003,35746,17487,18259,3691,6110,5273,3679,3114,6389,5674,4369,6805,12499,10947,8048,50003
50,001,36882,18302,18580,3297,7487,5420,3329,3044,7561,5424,3746,6341,15048,10844,7075,50001
50,009,6200,3121,3079,569,972,1041,802,525,980,1031,765,1094,1952,2072,1567,50009
35,015,57732,29137,28595,7849,12178,6566,3787,7473,11437,6596,4467,15322,23615,13162,8254,35015
35,033,4536,2201,2335,268,743,787,576,258,709,858,803,526,1452,1645,1379,35033
35,045,126515,62677,63838,17343,25642,14534,8083,16687,25276,15301,9946,34030,50918,29835,18029,35045
28,009,8232,4046,4186,850,1610,1213,590,919,1664,1004,840,1769,3274,2217,1430,28009
28,037,7733,3696,4037,862,1373,1098,671,972,1405,1109,818,1834,2778,2207,1489,28037
28,027,23255,10743,12512,3183,4176,2547,1432,3172,4957,3011,1968,6355,9133,5558,3400,28027
28,061,16505,8035,8470,1923,2994,2181,1479,1824,3101,2352,1767,3747,6095,4533,3246,28061
28,067,68352,33384,34968,9060,13157,8134,4837,8273,13616,8620,6386,17333,26773,16754,11223,28067
28,147,14477,7214,7263,1925,2721,1728,1202,1442,2735,1942,1564,3367,5456,3670,2766,28147
28,095,35673,17002,18671,4085,6639,4352,2877,4018,6861,5072,3894,8103,13500,9424,6771,28095
28,115,31618,15292,16326,4009,6077,3939,2053,4400,6350,3811,2588,8409,12427,7750,4641,28115
28,051,17737,8483,9254,2426,3522,1786,1075,2172,3758,2229,1501,4598,7280,4015,2576,28051
28,005,12412,6013,6399,1288,2059,1754,1281,1279,1996,2038,1545,2567,4055,3792,2826,28005
28,089,104562,49973,54589,13321,21026,12130,5828,12980,23036,13655,7579,26301,44062,25785,13407,28089
28,013,14499,6917,7582,1758,2643,1690,1150,1686,2778,1959,1513,3444,5421,3649,2663,28013
28,091,24990,12102,12888,2790,4942,3082,1910,2966,4763,3423,2590,5756,9705,6505,4500,28091
28,141,19441,9544,9897,2200,3456,2653,1773,2030,3641,2529,2217,4230,7097,5182,3990,28141
28,153,20373,10074,10299,2809,3604,2894,1502,2219,4074,2723,1913,5028,7678,5617,3415,28153
28,041,13645,8156,5489,1381,4159,2055,876,1268,2243,1336,952,2649,6402,3391,1828,28041
28,093,35599,17559,18040,3798,7281,4847,2647,3801,6960,5076,3396,7599,14241,9923,6043,28093
28,119,7187,3362,3825,868,1285,877,495,827,1558,943,699,1695,2843,1820,1194,28119
28,109,55219,27311,27908,6448,10696,7133,4661,5966,10605,7621,5503,12414,21301,14754,10164,28109
28,079,22792,11746,11046,3565,4624,2604,1528,2505,4293,2878,2086,6070,8917,5482,3614,28079
28,099,29332,13988,15344,4038,5396,3360,2016,4066,5830,3697,2585,8104,11226,7057,4601,28099
28,121,152677,73629,79048,18283,32047,17376,9690,17533,33765,19128,12810,35816,65812,36504,22500,28121
28,151,46057,21501,24556,6040,8293,5407,3008,5994,9381,6564,4089,12034,17674,11971,7097,28151
28,077,12633,6170,6463,1590,2299,1648,995,1501,2378,1709,1218,3091,4677,3357,2213,28077
28,111,12006,5847,6159,1434,2238,1656,895,1347,2387,1717,1173,2781,4625,3373,2068,28111
28,017,17193,8291,8902,2130,3377,2071,1245,2164,3365,2202,1649,4294,6742,4273,2894,28017
28,015,10070,5082,4988,979,1903,1460,1084,959,1684,1578,1217,1938,3587,3038,2301,28015
28,039,23917,12034,11883,3049,5067,2800,1668,3292,4490,2750,1849,6341,9557,5550,3517,28039
28,043,21088,10047,11041,2581,3882,2576,1566,2437,4269,2832,2108,5018,8151,5408,3674,28043
28,063,7225,3534,3691,795,1490,965,474,885,1320,1075,636,1680,2810,2040,1110,28063
28,101,21360,10042,11318,2620,4155,2390,1468,2794,4533,2701,1975,5414,8688,5091,3443,28101
28,117,25255,12146,13109,2820,5217,3004,1810,2898,5056,3355,2637,5718,10273,6359,4447,28117
28,125,4404,2036,2368,566,698,538,361,507,817,758,440,1073,1515,1296,801,28125
28,019,8277,4158,4119,1059,1455,1203,772,756,1541,1124,999,1815,2996,2327,1771,28019
28,045,46961,22974,23987,5213,8586,6176,4209,4638,8827,7089,5055,9851,17413,13265,9264,28045
28,057,23462,11835,11627,2805,4900,2848,1827,2309,4873,2749,2233,5114,9773,5597,4060,28057
28,055,1361,841,520,103,427,229,104,96,187,142,116,199,614,371,220,28055
28,059,142376,70281,72095,17523,28520,17141,10218,16071,29233,18777,11970,33594,57753,35918,22188,28059
28,083,29222,13623,15599,4132,5628,2795,1651,4004,6393,3512,2384,8136,12021,6307,4035,28083
28,143,9988,4659,5329,1454,1902,979,520,1490,2236,1213,654,2944,4138,2192,1174,28143
28,021,9089,4262,4827,982,1891,1071,625,994,2165,1105,827,1976,4056,2176,1452,28021
28,047,204502,100358,104144,25221,43061,23654,13312,24068,43514,25184,16273,49289,86575,48838,29585,28047
28,075,76279,37112,39167,9308,15389,9032,5407,8739,15311,10199,7254,18047,30700,19231,12661,28075
28,085,34320,16278,18042,4026,6567,4172,2451,4189,6943,4729,3285,8215,13510,8901,5736,28085
28,127,26888,12997,13891,3289,5070,3333,2033,3164,5250,3636,2581,6453,10320,6969,4614,28127
28,159,18229,8851,9378,2077,3431,2357,1557,2000,3335,2636,2081,4077,6766,4993,3638,28159
28,007,18437,8718,9719,2271,3234,2175,1536,2397,3470,2385,1974,4668,6704,4560,3510,28007
28,073,61969,29581,32388,7777,13124,6342,3608,7784,14338,7116,4534,15561,27462,13458,8142,28073
28,081,85072,40571,44501,10952,16790,9404,5178,10677,18061,10773,7194,21629,34851,20177,12372,28081
28,135,14158,7851,6307,1384,4318,1524,874,1433,2404,1568,1190,2817,6722,3092,2064,28135
28,129,16009,7824,8185,2020,2809,2154,1335,1797,3013,2254,1698,3817,5822,4408,3033,28129
28,149,46519,22208,24311,5649,8702,5783,3275,5532,9420,6527,4195,11181,18122,12310,7470,28149
28,023,15770,7373,8397,1665,2751,1994,1393,1866,3035,2287,1754,3531,5786,4281,3147,28023
28,097,10068,4686,5382,1000,1733,1390,910,1287,1793,1411,1178,2287,3526,2801,2088,28097
28,105,49512,24737,24775,4402,14794,4267,2410,4219,13887,4638,3052,8621,28681,8905,5462,28105
50,023,58350,28845,29505,5631,11769,8365,5023,5451,11052,8985,6057,11082,22821,17350,11080,50023
49,027,12854,6602,6252,2076,2389,1373,1072,1932,2161,1457,1076,4008,4550,2830,2148,49027
49,045,67397,33981,33416,11494,14678,6158,2800,10812,14650,5962,3176,22306,29328,12120,5976,49045
49,053,165811,81947,83864,22787,30656,16966,16603,21373,30542,19010,18033,44160,61198,35976,34636,49053
49,025,7484,3765,3719,976,1269,987,823,787,1255,1157,863,1763,2524,2144,1686,49025
49,043,41103,20964,20139,5367,8554,5708,2467,4840,8253,5711,2387,10207,16807,11419,4854,49043
49,019,9640,4934,4706,1095,2030,1397,853,934,1986,1246,851,2029,4016,2643,1704,49019
49,031,1866,1016,850,262,314,271,229,191,242,231,230,453,556,502,459,49031
49,033,2389,1126,1263,358,343,220,284,347,486,247,221,705,829,467,505,49033
49,051,31708,16233,15475,5279,6663,3215,1749,4760,6310,3275,1756,10039,12973,6490,3505,49051
49,001,6517,3362,3155,1103,1239,706,467,1035,1146,676,456,2138,2385,1382,923,49001
49,003,53946,27550,26396,8969,10995,5489,3288,8221,10248,5478,3555,17190,21243,10967,6843,49003
49,021,51213,25373,25840,7299,11523,4487,3090,7413,11524,4634,3335,14712,23047,9121,6425,49021
49,039,29850,15722,14128,3970,7416,3072,1980,3717,6140,2892,2099,7687,13556,5964,4079,49039
49,041,21280,10881,10399,3344,4091,2391,1641,3003,3873,2368,1761,6347,7964,4759,3402,49041
49,057,251498,126354,125144,36432,56640,25011,13298,35230,54379,25059,15426,71662,111019,50070,28724,49057
49,037,15302,7625,7677,2421,3013,1561,954,2297,2878,1811,1146,4718,5891,3372,2100,49037
49,035,1133646,569053,564593,159086,269395,106430,54054,152327,258024,111224,65631,311413,527419,217654,119685,49035
49,009,613,348,265,52,125,140,44,83,98,67,33,135,223,207,77,49009
49,055,2689,1386,1303,385,469,353,275,354,403,340,277,739,872,693,552,49055
49,007,20308,10170,10138,2797,3945,2440,1599,2523,3929,2407,1810,5320,7874,4847,3409,49007
49,029,11664,5983,5681,2245,2153,1129,644,1912,2227,1123,686,4157,4380,2252,1330,49029
49,005,124165,62182,61983,19330,30432,8938,5327,18574,30071,9377,6012,37904,60503,18315,11339,49005
49,023,11301,5705,5596,2029,2266,1009,628,1876,2274,978,693,3905,4540,1987,1321,49023
51,095,74916,36120,38796,7603,12732,9582,8440,7486,13041,10951,9956,15089,25773,20533,18396,51095
51,167,27141,13306,13835,2525,5010,4215,2542,2656,4838,4289,3068,5181,9848,8504,5610,51167
51,173,30767,15161,15606,3127,5830,4186,2905,2855,5721,4407,3663,5982,11551,8593,6568,51173
51,540,47096,22788,24308,3790,13337,4194,2242,3578,13886,4678,3084,7368,27223,8872,5326,51540
51,031,55225,26711,28514,5480,10819,7057,4747,5535,10728,8044,6062,11015,21547,15101,10809,51031
51,087,327535,155240,172295,38382,67006,37093,20095,36651,71706,44086,28990,75033,138712,81179,49085,51087
51,099,26229,13213,13016,3373,5557,3359,1591,3274,5295,3206,1764,6647,10852,6565,3355,51099
51,103,10724,5034,5690,824,1376,1528,1758,816,1416,2005,2121,1640,2792,3533,3879,51103
51,105,23948,12530,11418,2323,5266,3505,2276,2099,3965,3539,2698,4422,9231,7044,4974,51105
51,115,8788,4382,4406,766,1499,1276,1255,527,1178,1695,1486,1293,2677,2971,2741,51115
51,119,10675,5202,5473,859,1606,1602,1562,867,1443,1932,1755,1726,3049,3534,3317,51119
51,149,38114,20593,17521,4126,10324,4658,2416,4173,7064,4548,2707,8299,17388,9206,5123,51149
51,159,8884,4857,4027,597,2281,1408,777,891,1037,1227,1104,1488,3318,2635,1881,51159
51,169,21902,11075,10827,2106,4095,3235,2380,1918,3680,3249,2775,4024,7775,6484,5155,51169
51,177,132833,65286,67547,16946,26962,16223,8164,16240,27367,17449,10099,33186,54329,33672,18263,51177
51,011,15707,7599,8108,1628,2908,2134,1468,1722,2894,2348,1715,3350,5802,4482,3183,51011
51,067,56187,27578,28609,5531,9475,8574,6049,5266,9890,9096,6748,10797,19365,17670,12797,51067
51,097,7042,3523,3519,667,1326,1069,753,698,1166,1109,875,1365,2492,2178,1628,51097
51,121,98140,50664,47476,7720,30379,9081,5337,7521,25594,9666,6636,15241,55973,18747,11973,51121
51,127,21686,10870,10816,2280,4313,3163,1727,2195,4209,3177,1857,4475,8522,6340,3584,51127
51,049,9824,4847,4977,1086,1699,1393,987,861,1816,1458,1164,1947,3515,2851,2151,51049
51,051,14756,7472,7284,1478,2894,2173,1447,1409,2570,2165,1713,2887,5464,4338,3160,51051
51,083,34552,16645,17907,3726,5811,4799,3440,3338,5899,5348,4657,7064,11710,10147,8097,51083
51,107,395134,195769,199365,57044,87903,41018,15860,55577,89610,40811,19755,112621,177513,81829,35615,51107
51,153,461423,230487,230936,64585,104686,49281,19777,61266,103319,50465,24232,125851,208005,99746,44009,51153
51,175,17880,9247,8633,1696,3369,3069,1638,1767,2965,2664,1835,3463,6334,5733,3473,51175
51,091,2204,1062,1142,87,265,419,447,171,214,489,410,258,479,908,857,51091
51,033,30381,15102,15279,3536,6301,3918,2215,3458,6045,4068,2644,6994,12346,7986,4859,51033
51,073,37222,18173,19049,3664,6831,5712,3158,3640,6899,5848,3763,7304,13730,11560,6921,51073
51,141,17748,8812,8936,1631,3002,2837,2099,1496,2770,2790,2543,3127,5772,5627,4642,51141
51,145,28815,15324,13491,2764,6545,4550,2489,2508,4879,4501,2615,5272,11424,9051,5104,51145
51,171,43224,21301,21923,4813,7749,6162,4092,4367,7700,6471,5066,9180,15449,12633,9158,51171
51,061,69728,34507,35221,8401,13149,9775,5169,7916,13190,10058,6115,16317,26339,19833,11284,51061
51,790,24432,11171,13261,2412,4383,3038,2135,2218,5415,3434,2991,4630,9798,6472,5126,51790
51,065,26594,12217,14377,2817,4363,3343,2367,2548,5950,3936,2795,5365,10313,7279,5162,51065
28,155,9768,4753,5015,1183,1763,1338,771,1134,1882,1324,980,2317,3645,2662,1751,28155
28,003,37090,18218,18872,4543,7310,4437,2892,4111,7160,4948,3863,8654,14470,9385,6755,28003
28,025,19640,9144,10496,2198,3645,2330,1498,2330,3996,2748,2009,4528,7641,5078,3507,28025
28,031,18978,9253,9725,2465,3548,2284,1417,2241,3953,2350,1804,4706,7501,4634,3221,28031
28,053,8389,4011,4378,1160,1428,1035,588,1089,1568,1086,782,2249,2996,2121,1370,28053
42,043,275632,133579,142053,31618,54932,34953,19716,30451,55892,38805,25833,62069,110824,73758,45549,42043
42,055,154147,75710,78437,17713,29176,19851,13129,16906,29174,20563,16544,34619,58350,40414,29673,42055
42,119,45111,24755,20356,4160,12403,5707,3491,3904,8129,5021,4505,8064,20532,10728,7996,42119
42,127,51422,27286,24136,4483,10639,8431,5795,4123,7811,7853,6283,8606,18450,16284,12078,42127
42,009,48337,23972,24365,4868,8642,7110,4891,4631,8270,7096,5860,9499,16912,14206,10751,42009
42,089,168032,83112,84920,16912,32907,25269,13295,16423,33298,25339,14979,33335,66205,50608,28274,42089
42,061,45369,24111,21258,4194,10329,6586,4438,4078,7734,6021,4861,8272,18063,12607,9299,42061
42,125,207212,101740,105472,20739,39586,29638,18417,19831,38417,31231,23291,40570,78003,60869,41708,42125
42,101,1579075,747479,831596,175940,359121,157893,84838,169621,385596,188665,127436,345561,744717,346558,212274,42101
42,133,445565,220122,225443,50839,88295,58839,34099,47918,87417,61212,41925,98757,175712,120051,76024,42133
42,063,85032,42572,42460,7904,18622,11184,7277,7402,17678,11170,8682,15306,36300,22354,15959,42063
42,041,249328,123397,125931,25878,53301,31494,19725,24679,50264,33119,25505,50557,103565,64613,45230,42041
42,003,1221744,590342,631402,117272,255713,156117,94998,112388,253990,172024,131126,229660,509703,328141,226124,42003
42,129,352590,172407,180183,33261,63822,52927,34245,31886,61914,55532,43816,65147,125736,108459,78061,42129
42,053,7313,5318,1995,476,3093,1172,829,309,288,879,774,785,3381,2051,1603,42053
42,013,123157,60259,62898,13042,23558,16697,10768,12090,22997,17641,14228,25132,46555,34338,24996,42013
42,073,86727,41947,44780,8732,15724,12260,7987,8557,15566,13015,10673,17289,31290,25275,18660,42073
42,015,60963,30071,30892,6732,10599,8740,5943,6699,10584,8820,6728,13431,21183,17560,12671,42015
42,021,133009,65461,67548,13230,24777,19182,12691,12466,23657,19639,16549,25696,48434,38821,29240,42021
42,029,519560,255927,263633,60743,103557,67891,37062,58347,102988,71225,45552,119090,206545,139116,82614,42029
42,011,418025,205638,212387,48102,83555,53127,31375,45936,83425,55115,39353,94038,166980,108242,70728,42011
42,087,46276,22589,23687,5265,8267,5989,4292,5125,8148,6407,5495,10390,16415,12396,9787,42087
29,129,3644,1817,1827,458,598,504,369,430,599,522,401,888,1197,1026,770,29129
29,229,18203,8910,9293,2355,3135,2230,1607,2279,3054,2487,1930,4634,6189,4717,3537,29229
29,047,242516,118973,123543,30203,51905,27375,14748,28736,52497,29887,18789,58939,104402,57262,33537,29047
29,065,15545,7771,7774,1856,2625,2268,1537,1682,2529,2369,1802,3538,5154,4637,3339,29065
29,195,22976,11569,11407,2734,4832,2749,1800,2577,4331,2820,2344,5311,9163,5569,4144,29195
29,227,2027,976,1051,198,312,311,222,212,326,295,278,410,638,606,500,29227
29,079,9992,4902,5090,1153,1829,1191,936,1175,1756,1231,1236,2328,3585,2422,2172,29079
29,141,20271,9959,10312,2254,3234,2923,2275,2379,3200,2998,2461,4633,6434,5921,4736,29141
29,179,6290,3290,3000,701,1133,942,696,548,1026,929,729,1249,2159,1871,1425,29179
29,189,996919,472970,523949,112333,189703,122559,73614,108031,202840,141063,102536,220364,392543,263622,176150,29189
29,209,31615,15430,16185,2648,4476,5308,4610,2627,4591,5674,4981,5275,9067,10982,9591,29209
29,009,35530,17731,17799,4306,6260,4735,3325,3748,6224,5137,3858,8054,12484,9872,7183,29009
29,019,177651,86335,91316,18707,44711,17215,9376,17352,47205,19050,11704,36059,91916,36265,21080,29019
29,051,76723,38674,38049,8580,17147,9517,5372,8664,14785,9809,6934,17244,31932,19326,12306,29051
29,055,24154,11920,12234,2797,4367,3246,2145,2762,4349,3341,2488,5559,8716,6587,4633,29055
29,093,10164,5004,5160,1108,1748,1539,1002,1005,1749,1559,1228,2113,3497,3098,2230,29093
29,117,15126,6740,8386,1703,2412,1661,1329,1615,3608,1900,1676,3318,6020,3561,3005,29117
29,135,16046,8517,7529,1960,3823,1927,1156,1992,2717,1801,1345,3952,6540,3728,2501,29135
29,155,16663,7817,8846,2234,2865,1982,1157,2101,3397,2163,1600,4335,6262,4145,2757,29155
29,159,42355,21063,21292,5588,8312,5101,3031,4936,8236,5292,3912,10524,16548,10393,6943,29159
29,203,8217,4016,4201,906,1373,1215,793,897,1380,1197,933,1803,2753,2412,1726,29203
29,175,24878,12987,11891,2822,5883,3235,1781,2629,4529,3175,2304,5451,10412,6410,4085,29175
29,069,30027,14368,15659,3993,5340,3529,2244,3692,5791,3852,3113,7685,11131,7381,5357,29069
29,071,103191,51467,51724,12494,19795,14021,7841,11297,19260,14300,9574,23791,39055,28321,17415,29071
29,089,10058,5096,4962,1190,1979,1339,840,1026,1881,1350,1017,2216,3860,2689,1857,29089
29,095,696216,336640,359576,83743,145005,79545,43426,81301,149882,88598,58492,165044,294887,168143,101918,29095
29,131,25201,12466,12735,3009,4626,3316,2272,2982,4648,3281,2471,5991,9274,6597,4743,29131
29,171,4781,2403,2378,596,759,690,545,516,768,636,600,1112,1527,1326,1145,29171
29,213,55114,26630,28484,5933,10167,6846,5335,5775,10691,7718,6394,11708,20858,14564,11729,29213
29,021,88460,44631,43829,10198,19611,10998,6013,9849,17262,11261,8001,20047,36873,22259,14014,29021
29,025,9039,4583,4456,1138,1648,1267,827,1017,1568,1263,922,2155,3216,2530,1749,29025
51,750,17691,8388,9303,1016,5476,1463,679,854,6193,1725,853,1870,11669,3188,1532,51750
51,840,27897,13694,14203,3346,5968,3091,1926,3052,5939,3516,2517,6398,11907,6607,4443,51840
51,001,32673,15934,16739,3701,5344,4694,3357,3213,5633,5127,4067,6914,10977,9821,7424,51001
51,045,5110,2378,2732,460,862,726,467,495,968,775,621,955,1830,1501,1088,51045
51,063,15704,7896,7808,1619,2777,2504,1617,1449,2619,2461,1920,3068,5396,4965,3537,51063
51,071,16772,8222,8550,1737,3077,2340,1619,1730,3096,2359,1951,3467,6173,4699,3570,51071
51,077,15742,8070,7672,1392,3096,2442,1740,1265,2504,2433,2040,2657,5600,4875,3780,51077
51,135,15433,8471,6962,1620,3897,2095,1292,1373,2434,1947,1633,2993,6331,4042,2925,51135
51,157,7378,3743,3635,733,1213,1231,948,555,1176,1324,959,1288,2389,2555,1907,51157
51,036,7014,3430,3584,582,1135,1240,758,504,1156,1332,920,1086,2291,2572,1678,51036
51,047,51101,25557,25544,6354,10384,6320,3634,6287,9791,6636,4228,12641,20175,12956,7862,51047
51,053,28485,13993,14492,3063,5440,4037,2180,2773,5643,4377,2704,5836,11083,8414,4884,51053
51,079,19519,9537,9982,2420,3653,2528,1443,2278,3769,2877,1789,4698,7422,5405,3232,51079
51,085,105537,51736,53801,12113,19951,14577,8106,11258,20077,15911,10006,23371,40028,30488,18112,51085
51,111,12282,6302,5980,989,2690,1848,1194,1244,1912,1808,1443,2233,4602,3656,2637,51111
51,137,36010,17712,18298,4132,6686,4823,3170,3817,6619,5002,3937,7949,13305,9825,7107,51137
51,595,5442,2455,2987,746,962,542,302,818,1086,627,614,1564,2048,1169,916,51595
51,197,28844,14090,14754,2895,5337,4072,2692,2851,5344,4354,3282,5746,10681,8426,5974,51197
51,550,239982,117267,122715,29560,51506,27576,13473,28618,51420,31014,17612,58178,102926,58590,31085,51550
51,660,53273,25548,27725,4440,16057,3605,2036,4269,17492,4069,2742,8709,33549,7674,4778,51660
51,003,107405,51363,56042,10982,22136,12773,8508,10741,23172,14860,10832,21723,45308,27633,19340,51003
51,019,78376,38462,39914,7937,13592,11860,7638,7866,13749,12249,8705,15803,27341,24109,16343,51019
51,029,17059,9363,7696,1540,4267,2563,1544,1591,2616,2421,1740,3131,6883,4984,3284,51029
51,195,38486,20173,18313,3825,9142,5286,3105,3637,6970,5252,3701,7462,16112,10538,6806,51195
51,580,5598,2680,2918,549,1078,802,461,598,1009,802,670,1147,2087,1604,1131,51580
51,740,95097,45704,49393,11278,20636,10340,5642,10999,20661,12111,8132,22277,41297,22451,13774,51740
51,810,450201,221324,228877,51394,103751,49403,26458,48923,100000,56474,35346,100317,203751,105877,61804,51810
51,005,15157,7367,7790,1498,2567,2256,1586,1366,2598,2399,2021,2864,5165,4655,3607,51005
51,640,6517,3090,3427,739,1020,925,624,675,1295,896,834,1414,2315,1821,1458,51640
51,193,17751,8793,8958,1844,2937,2642,2015,1501,2956,2811,2390,3345,5893,5453,4405,51193
51,133,12190,5931,6259,915,1471,2027,2179,897,1556,2101,2294,1812,3027,4128,4473,51133
51,155,34182,17122,17060,3089,6722,5188,3474,2996,5950,5231,4217,6085,12672,10419,7691,51155
51,187,39492,19657,19835,4346,7802,5829,2868,4397,7608,5689,3302,8743,15410,11518,6170,51187
51,590,41070,18883,22187,4634,7293,4940,3195,4337,7962,6214,5147,8971,15255,11154,8342,51590
51,630,28622,12997,15625,2912,6781,2565,1244,3093,8314,2972,1840,6005,15095,5537,3084,51630
51,009,31775,15290,16485,3136,5796,4516,2861,3101,5975,4853,3671,6237,11771,9369,6532,51009
51,017,4307,2201,2106,447,662,729,474,277,903,581,491,724,1565,1310,965,51017
51,670,22456,10499,11957,2989,4160,2554,1335,2775,4713,2984,2149,5764,8873,5538,3484,51670
51,700,179673,86860,92813,21346,41327,18161,9278,20357,41959,21463,13466,41703,83286,39624,22744,51700
51,069,86415,43042,43373,10265,16956,11567,6750,9676,16740,11772,7764,19941,33696,23339,14514,51069
51,680,80569,37729,42840,7883,19848,6845,4589,7625,21998,8215,6779,15508,41846,15060,11368,51680
51,199,67982,33376,34606,8099,13845,8203,4838,8146,13406,9280,5826,16245,27251,17483,10664,51199
51,690,12852,5707,7145,1432,2101,1539,933,1665,2471,1991,1464,3097,4572,3530,2397,51690
51,125,14831,7243,7588,1489,2250,2465,1766,1265,2216,2706,2087,2754,4466,5171,3853,51125
51,143,61256,30113,31143,5821,11045,9384,6037,5882,10426,9802,7335,11703,21471,19186,13372,51143
51,530,6484,2776,3708,461,1339,677,473,883,1376,949,723,1344,2715,1626,1196,51530
51,610,14128,6868,7260,1875,2850,1702,776,1649,2915,1982,1040,3524,5765,3684,1816,51610
51,730,31362,14294,17068,3387,5989,3728,1971,3315,6938,4625,3270,6702,12927,8353,5241,51730
51,735,12090,6023,6067,1420,2214,1602,1091,1248,2163,1714,1283,2668,4377,3316,2374,51735
51,600,23531,11444,12087,2539,5216,2632,1439,2710,4961,2978,2059,5249,10177,5610,3498,51600
51,820,22140,10836,11304,2935,4210,2687,1614,2223,4718,2694,2290,5158,8928,5381,3904,51820
51,770,99229,47256,51973,10905,20627,11789,6412,10796,21297,13094,9576,21701,41924,24883,15988,51770
51,800,90093,43698,46395,11324,18025,11026,5555,10579,19069,11997,7209,21903,37094,23023,12764,51800
51,710,244601,127723,116878,24490,73612,22742,11157,23714,56955,25854,15413,48204,130567,48596,26570,51710
51,007,12953,6580,6373,1603,2301,1932,1119,1173,2184,1915,1364,2776,4485,3847,2483,51007
51,041,343551,165585,177966,42295,68281,42089,22059,39778,73596,47341,27485,82073,141877,89430,49544,51041
51,059,1145862,568173,577689,138398,249758,136688,68739,131817,248558,144255,81184,270215,498316,280943,149923,51059
53,047,41842,21253,20589,5026,7493,6094,4418,4589,7030,5979,4419,9615,14523,12073,8837,53047
53,037,45897,23167,22730,4144,11476,5418,3460,3757,11007,5404,3760,7901,22483,10822,7220,53037
29,037,103597,50618,52979,13015,19775,12717,7452,12199,20124,13847,9650,25214,39899,26564,17102,29037
29,049,20500,10149,10351,2531,3643,2774,1704,2405,3798,2896,1879,4936,7441,5670,3583,29049
29,059,16617,8109,8508,1990,2769,2416,1549,1934,2872,2353,1858,3924,5641,4769,3407,29059
29,085,9404,4623,4781,782,1207,1502,1579,818,1267,1619,1573,1600,2474,3121,3152,29085
29,113,56477,28056,28421,7389,11334,7174,3422,7030,11462,7146,4077,14419,22796,14320,7499,29113
29,137,8629,4376,4253,997,1422,1316,929,852,1386,1295,1038,1849,2808,2611,1967,29137
29,145,58180,28812,29368,7221,11071,7372,4681,6756,10924,7862,5641,13977,21995,15234,10322,29145
29,163,18455,10117,8338,2090,4576,2511,1453,1952,3011,2209,1688,4042,7587,4720,3141,29163
29,183,394290,193719,200571,47303,81849,47949,25613,45648,81296,51589,32421,92951,163145,99538,58034,29183
29,031,78491,37976,40515,8480,16826,9131,5501,8330,17419,9648,7212,16810,34245,18779,12713,29031
47,031,55209,27141,28068,6904,10582,7073,4078,6327,10801,7116,5400,13231,21383,14189,9478,47031
47,047,40164,19813,20351,4091,7149,5990,3945,3777,7218,6508,4386,7868,14367,12498,8331,47047
47,067,6587,3305,3282,733,1221,952,640,656,1140,982,712,1389,2361,1934,1352,47067
47,073,56611,27657,28954,5805,10477,7938,5304,5656,10521,8555,6331,11461,20998,16493,11635,47073
47,091,17753,9593,8160,1562,4233,2540,1859,1432,2737,2587,2113,2994,6970,5127,3972,47091
47,103,33924,16669,17255,3960,6246,4844,2772,3627,6155,4885,3630,7587,12401,9729,6402,47103
47,111,23842,11738,12104,2966,4742,2933,1627,2829,4739,3067,2105,5795,9481,6000,3732,47111
47,127,6378,3217,3161,720,1185,914,608,564,1181,939,699,1284,2366,1853,1307,47127
47,147,70280,34747,35533,8655,14345,8991,4655,8354,14133,9373,5534,17009,28478,18364,10189,47147
47,051,41725,20463,21262,4409,8138,5451,3696,4067,8268,5871,4419,8476,16406,11322,8115,47051
47,009,129927,63046,66881,13532,24679,17407,11587,13001,25048,18928,14384,26533,49727,36335,25971,47009
47,021,40181,20034,20147,4615,8241,5716,2710,4293,8023,5772,3155,8908,16264,11488,5865,47021
47,019,56433,27576,28857,5394,10778,7751,5416,5164,10665,8513,6536,10558,21443,16264,11952,47019
47,057,23101,11585,11516,2463,4376,3371,2203,2241,4118,3551,2452,4704,8494,6922,4655,47057
47,055,29285,14316,14969,3135,5325,4116,2588,2978,5477,4279,3222,6113,10802,8395,5810,47055
47,097,25989,13340,12649,3054,6093,3014,1715,2922,4875,3269,2256,5976,10968,6283,3971,47097
47,099,43390,21251,22139,5577,8119,5385,3398,5324,8216,5502,4254,10901,16335,10887,7652,47099
47,113,97625,46221,51404,11167,18893,11857,6952,10861,20910,13504,9053,22028,39803,25361,16005,47113
47,115,28538,13878,14660,3068,5289,3969,2500,2969,5356,4092,3079,6037,10645,8061,5579,47115
47,133,22068,10863,11205,2564,4039,2979,2017,2288,4103,3199,2416,4852,8142,6178,4433,47133
47,137,5079,2563,2516,521,802,772,665,410,801,794,700,931,1603,1566,1365,47137
47,181,16693,9172,7521,1677,4240,2345,1409,1373,2716,2233,1711,3050,6956,4578,3120,47181
47,187,225389,110242,115147,31265,43605,27418,13110,30522,45410,29309,15581,61787,89015,56727,28691,47187
47,003,48292,23834,24458,6280,9934,5317,3245,6005,9844,5692,4014,12285,19778,11009,7259,47003
47,059,68834,33654,35180,6897,13053,9435,6518,6468,12920,10073,8049,13365,25973,19508,14567,47059
47,035,59216,28973,30243,5400,9183,8243,8570,5114,9213,9364,9329,10514,18396,17607,17899,47035
47,175,5760,2898,2862,560,1068,909,614,524,1000,830,682,1084,2068,1739,1296,47175
47,025,31732,15406,16326,3041,6397,4285,2752,2982,6386,4719,3400,6023,12783,9004,6152,47025
47,081,24813,13034,11779,2742,5624,3517,1902,2519,4476,3248,2273,5261,10100,6765,4175,47081
47,085,18435,8949,9486,2018,3412,2454,1606,1862,3523,2721,1950,3880,6935,5175,3556,47085
47,141,77447,38268,39179,8141,17885,8620,5615,8024,16568,9546,7216,16165,34453,18166,12831,47141
47,155,97068,47695,49373,10431,18896,12862,8405,9464,18528,14596,10283,19895,37424,27458,18688,47155
47,161,13427,6612,6815,1481,2440,1868,1209,1383,2442,2040,1423,2864,4882,3908,2632,47161
47,023,17190,8276,8914,1972,3458,2053,1290,1903,3639,2260,1616,3875,7097,4313,2906,47023
47,039,11686,5730,5956,1330,1918,1663,1215,1174,1949,1725,1524,2504,3867,3388,2739,47039
47,087,11682,5872,5810,1104,2120,1920,1248,1007,2094,1792,1317,2111,4214,3712,2565,47087
47,109,25844,12548,13296,2842,4780,3356,2371,2838,4753,3660,2959,5680,9533,7016,5330,47109
47,145,53075,26124,26951,5245,9391,7938,5472,4768,9455,8288,6321,10013,18846,16226,11793,47145
47,011,105749,51468,54281,11932,21772,12796,7774,11422,22164,14103,10012,23354,43936,26899,17786,47011
47,063,64132,31457,32675,7618,12707,8005,4979,7320,12262,8576,6488,14938,24969,16581,11467,47063
47,173,19488,9616,9872,2165,3647,2807,1663,2080,3686,2858,1873,4245,7333,5665,3536,47173
47,071,25715,12519,13196,2724,4515,3534,2631,2591,4623,3833,3140,5315,9138,7367,5771,47071
47,043,52680,25998,26682,6570,10444,6689,3671,5763,10702,7213,4507,12333,21146,13902,8178,47043
47,129,21545,11783,9762,2119,5490,3045,1771,2058,3556,2801,1986,4177,9046,5846,3757,47129
47,123,46064,22679,23385,4980,8474,6306,4403,4941,8434,6344,5117,9921,16908,12650,9520,47123
47,079,32284,15498,16786,3245,5579,4410,3277,3450,5561,5036,4072,6695,11140,9446,7349,47079
47,033,14399,6834,7565,1671,2653,1743,1144,1773,2787,1950,1538,3444,5440,3693,2682,47033
47,095,7401,4641,2760,531,2820,978,485,530,952,811,659,1061,3772,1789,1144,47095
47,093,461104,224184,236920,49802,101623,52942,30790,47670,103204,58071,40404,97472,204827,111013,71194,47093
53,005,197518,98762,98756,26982,40566,22920,13318,25896,39038,23414,15336,52878,79604,46334,28654,53005
53,011,473252,233959,239293,58808,98188,56851,32384,56094,97444,60295,38779,114902,195632,117146,71163,53011
